[[[1.407405, 4.85818, -0.032799],
  [1.29129, 4.693476, -0.098491],
  [1.320621, 4.724972, 0.161226],
  0],
 [[2.908921, 4.607763, -0.000662],
  [2.936222, 4.359823, 0.00429],
  [3.462797, 4.393133, -0.006442],
  0],
 [[2.908921, 4.607763, -0.000662],
  [3.462797, 4.393133, -0.006442],
  [3.618424, 4.658992, -0.017178],
  0],
 [[3.082431, 4.596287, -0.261369],
  [2.908921, 4.607763, -0.000662],
  [3.618424, 4.658992, -0.017178],
  0],
 [[2.911049, 4.352512, -0.241953],
  [3.082431, 4.596287, -0.261369],
  [3.470257, 4.387637, -0.252942],
  0],
 [[0.117246, 3.801702, -0.114538],
  [-0.149782, 3.896821, -0.162859],
  [0.078187, 3.949882, -0.225856],
  0],
 [[2.936222, 4.359823, 0.00429],
  [2.911049, 4.352512, -0.241953],
  [3.470257, 4.387637, -0.252942],
  0],
 [[2.936222, 4.359823, 0.00429],
  [3.470257, 4.387637, -0.252942],
  [3.462797, 4.393133, -0.006442],
  0],
 [[-0.270706, 4.02937, -0.015615],
  [-0.126258, 4.201035, -0.079135],
  [-0.149782, 3.896821, -0.162859],
  0],
 [[0.080418, 3.801702, 0.142822],
  [-0.167002, 4.017975, 0.19939],
  [-0.173693, 3.842886, 0.106459],
  0],
 [[1.115705, 4.631773, 0.148651],
  [1.18421, 4.391421, 0.149065],
  [1.380604, 4.461621, 0.152019],
  0],
 [[1.115705, 4.631773, 0.148651],
  [1.380604, 4.461621, 0.152019],
  [1.320621, 4.724972, 0.161226],
  0],
 [[1.118046, 4.631284, -0.100138],
  [1.115705, 4.631773, 0.148651],
  [1.320621, 4.724972, 0.161226],
  0],
 [[1.118046, 4.631284, -0.100138],
  [1.320621, 4.724972, 0.161226],
  [1.29129, 4.693476, -0.098491],
  0],
 [[1.188062, 4.391801, -0.099891],
  [1.118046, 4.631284, -0.100138],
  [1.29129, 4.693476, -0.098491],
  0],
 [[1.188062, 4.391801, -0.099891],
  [1.29129, 4.693476, -0.098491],
  [1.383689, 4.461731, -0.097451],
  0],
 [[1.18421, 4.391421, 0.149065],
  [1.188062, 4.391801, -0.099891],
  [1.383689, 4.461731, -0.097451],
  0],
 [[1.18421, 4.391421, 0.149065],
  [1.383689, 4.461731, -0.097451],
  [1.380604, 4.461621, 0.152019],
  0],
 [[-0.266113, 3.355889, 0.11121],
  [0.026683, 3.327514, 0.15294],
  [0.080418, 3.801702, 0.142822],
  0],
 [[-0.266113, 3.355889, 0.11121],
  [0.080418, 3.801702, 0.142822],
  [-0.173693, 3.842886, 0.106459],
  0],
 [[1.72971, 4.756422, 0.127036],
  [1.571393, 4.758801, 0.233273],
  [1.697171, 4.509045, 0.136863],
  0],
 [[-0.004581, 4.193481, 0.136235],
  [0.107816, 4.199752, -0.132688],
  [-0.126258, 4.201035, -0.079135],
  0],
 [[-0.173842, 3.65103, -0.163793],
  [-0.266113, 3.355889, 0.11121],
  [-0.173693, 3.842886, 0.106459],
  0],
 [[-0.173842, 3.65103, -0.163793],
  [-0.173693, 3.842886, 0.106459],
  [-0.149782, 3.896821, -0.162859],
  0],
 [[0.079035, 3.449626, -0.133264],
  [-0.173842, 3.65103, -0.163793],
  [-0.149782, 3.896821, -0.162859],
  0],
 [[0.079035, 3.449626, -0.133264],
  [-0.149782, 3.896821, -0.162859],
  [0.117246, 3.801702, -0.114538],
  0],
 [[0.026683, 3.327514, 0.15294],
  [0.079035, 3.449626, -0.133264],
  [0.117246, 3.801702, -0.114538],
  0],
 [[0.026683, 3.327514, 0.15294],
  [0.117246, 3.801702, -0.114538],
  [0.080418, 3.801702, 0.142822],
  0],
 [[-0.24563, 3.199046, -0.195159],
  [-0.266113, 3.355889, 0.11121],
  [-0.173842, 3.65103, -0.163793],
  0],
 [[-2.042978, 5.312166, 0.810352],
  [-2.014468, 5.312165, 0.642984],
  [-1.872539, 5.19181, 0.672591],
  0],
 [[0.079035, 3.449626, -0.133264],
  [-0.24563, 3.199046, -0.195159],
  [-0.173842, 3.65103, -0.163793],
  0],
 [[-0.854074, 5.055955, -2.607512],
  [-0.709038, 4.871785, -2.321171],
  [-0.884269, 5.061996, -2.446541],
  0],
 [[0.250739, 4.015524, 0.125605],
  [0.080418, 3.801702, 0.142822],
  [0.117246, 3.801702, -0.114538],
  0],
 [[0.250739, 4.015524, 0.125605],
  [0.117246, 3.801702, -0.114538],
  [0.253929, 4.0146, -0.120852],
  0],
 [[1.571393, 4.758801, 0.233273],
  [1.320621, 4.724972, 0.161226],
  [1.380604, 4.461621, 0.152019],
  0],
 [[1.571393, 4.758801, 0.233273],
  [1.380604, 4.461621, 0.152019],
  [1.697171, 4.509045, 0.136863],
  0],
 [[-2.17855, 6.087855, 2.287888],
  [-2.270761, 6.169461, 2.215795],
  [-2.283015, 6.074268, 2.263713],
  0],
 [[-1.970859, 5.32559, 0.92385],
  [-1.801618, 5.188612, 0.835025],
  [-1.80888, 5.325243, 0.964524],
  0],
 [[0.326531, 5.434, -5.137534],
  [0.418656, 5.431224, -5.083999],
  [0.450449, 5.345752, -5.116299],
  0],
 [[0.326531, 5.434, -5.137534],
  [0.450449, 5.345752, -5.116299],
  [0.356763, 5.345927, -5.157156],
  0],
 [[-1.970859, 5.32559, 0.92385],
  [-1.939666, 5.461196, 0.822556],
  [-2.042978, 5.312166, 0.810352],
  0],
 [[1.668719, 4.502935, -0.111137],
  [1.697171, 4.509045, 0.136863],
  [1.380604, 4.461621, 0.152019],
  0],
 [[1.668719, 4.502935, -0.111137],
  [1.380604, 4.461621, 0.152019],
  [1.383689, 4.461731, -0.097451],
  0],
 [[-0.54708, 5.051295, -2.33947],
  [-0.783385, 5.189145, -2.43118],
  [-0.715852, 5.044949, -2.28558],
  0],
 [[1.70078, 4.748551, -0.121398],
  [1.668719, 4.502935, -0.111137],
  [1.383689, 4.461731, -0.097451],
  0],
 [[1.70078, 4.748551, -0.121398],
  [1.383689, 4.461731, -0.097451],
  [1.29129, 4.693476, -0.098491],
  0],
 [[-0.167002, 4.017975, 0.19939],
  [0.080418, 3.801702, 0.142822],
  [0.250739, 4.015524, 0.125605],
  0],
 [[-0.167002, 4.017975, 0.19939],
  [0.250739, 4.015524, 0.125605],
  [-0.004581, 4.193481, 0.136235],
  0],
 [[-0.546505, 4.96192, -2.624295],
  [-0.560162, 4.886829, -2.402396],
  [-0.703001, 4.961919, -2.685566],
  0],
 [[4.408957, 4.77116, 0.006054],
  [4.308342, 4.677543, -0.115844],
  [4.315257, 4.793986, -0.113336],
  0],
 [[-0.285749, -0.031252, 0.212863],
  [-0.047853, -0.014912, -0.259382],
  [0.209577, 0.037384, 0.282934],
  0],
 [[-0.710138, 5.12884, -2.667336],
  [-0.75534, 5.185423, -2.591563],
  [-0.553642, 5.128839, -2.606062],
  0],
 [[-0.553642, 5.128839, -2.606062],
  [-0.75534, 5.185423, -2.591563],
  [-0.783385, 5.189145, -2.43118],
  0],
 [[-0.553642, 5.128839, -2.606062],
  [-0.783385, 5.189145, -2.43118],
  [-0.54708, 5.051295, -2.33947],
  0],
 [[-0.703001, 4.961919, -2.685566],
  [-0.560162, 4.886829, -2.402396],
  [-0.709038, 4.871785, -2.321171],
  0],
 [[-0.703001, 4.961919, -2.685566],
  [-0.709038, 4.871785, -2.321171],
  [-0.854074, 5.055955, -2.607512],
  0],
 [[1.626233, 4.860308, 0.029651],
  [1.70078, 4.748551, -0.121398],
  [1.29129, 4.693476, -0.098491],
  0],
 [[1.626233, 4.860308, 0.029651],
  [1.29129, 4.693476, -0.098491],
  [1.407405, 4.85818, -0.032799],
  0],
 [[-0.546505, 4.96192, -2.624295],
  [-0.553642, 5.128839, -2.606062],
  [-0.54708, 5.051295, -2.33947],
  0],
 [[-0.546505, 4.96192, -2.624295],
  [-0.54708, 5.051295, -2.33947],
  [-0.560162, 4.886829, -2.402396],
  0],
 [[-1.970859, 5.32559, 0.92385],
  [-2.042978, 5.312166, 0.810352],
  [-1.872539, 5.19181, 0.672591],
  0],
 [[-1.970859, 5.32559, 0.92385],
  [-1.872539, 5.19181, 0.672591],
  [-1.801618, 5.188612, 0.835025],
  0],
 [[-0.167002, 4.017975, 0.19939],
  [-0.270706, 4.02937, -0.015615],
  [-0.149782, 3.896821, -0.162859],
  0],
 [[-0.167002, 4.017975, 0.19939],
  [-0.149782, 3.896821, -0.162859],
  [-0.173693, 3.842886, 0.106459],
  0],
 [[0.253929, 4.0146, -0.120852],
  [0.117246, 3.801702, -0.114538],
  [0.078187, 3.949882, -0.225856],
  0],
 [[0.253929, 4.0146, -0.120852],
  [0.078187, 3.949882, -0.225856],
  [0.107816, 4.199752, -0.132688],
  0],
 [[-2.014468, 5.312165, 0.642984],
  [-1.866026, 5.436522, 0.66274],
  [-1.75896, 5.318623, 0.625217],
  0],
 [[-2.014468, 5.312165, 0.642984],
  [-1.75896, 5.318623, 0.625217],
  [-1.872539, 5.19181, 0.672591],
  0],
 [[-0.715852, 5.044949, -2.28558],
  [-0.783385, 5.189145, -2.43118],
  [-0.884269, 5.061996, -2.446541],
  0],
 [[-0.715852, 5.044949, -2.28558],
  [-0.884269, 5.061996, -2.446541],
  [-0.709038, 4.871785, -2.321171],
  0],
 [[-1.80888, 5.325243, 0.964524],
  [-1.801618, 5.188612, 0.835025],
  [-1.687194, 5.310324, 0.78587],
  0],
 [[-1.80888, 5.325243, 0.964524],
  [-1.687194, 5.310324, 0.78587],
  [-1.779976, 5.460462, 0.878348],
  0],
 [[1.626233, 4.860308, 0.029651],
  [1.571393, 4.758801, 0.233273],
  [1.72971, 4.756422, 0.127036],
  0],
 [[1.626233, 4.860308, 0.029651],
  [1.72971, 4.756422, 0.127036],
  [1.70078, 4.748551, -0.121398],
  0],
 [[-0.710138, 5.12884, -2.667336],
  [-0.703001, 4.961919, -2.685566],
  [-0.854074, 5.055955, -2.607512],
  0],
 [[-0.710138, 5.12884, -2.667336],
  [-0.854074, 5.055955, -2.607512],
  [-0.75534, 5.185423, -2.591563],
  0],
 [[-1.866026, 5.436522, 0.66274],
  [-1.685921, 5.440887, 0.72509],
  [-1.75896, 5.318623, 0.625217],
  0],
 [[-1.779976, 5.460462, 0.878348],
  [-1.687194, 5.310324, 0.78587],
  [-1.75896, 5.318623, 0.625217],
  0],
 [[-1.779976, 5.460462, 0.878348],
  [-1.75896, 5.318623, 0.625217],
  [-1.685921, 5.440887, 0.72509],
  0],
 [[3.462797, 4.393133, -0.006442],
  [3.470257, 4.387637, -0.252942],
  [4.308342, 4.677543, -0.115844],
  0],
 [[3.470257, 4.387637, -0.252942],
  [3.082431, 4.596287, -0.261369],
  [4.315257, 4.793986, -0.113336],
  0],
 [[3.470257, 4.387637, -0.252942],
  [4.315257, 4.793986, -0.113336],
  [4.308342, 4.677543, -0.115844],
  0],
 [[3.082431, 4.596287, -0.261369],
  [3.618424, 4.658992, -0.017178],
  [4.315257, 4.793986, -0.113336],
  0],
 [[3.462797, 4.393133, -0.006442],
  [4.308342, 4.677543, -0.115844],
  [4.408957, 4.77116, 0.006054],
  0],
 [[3.618424, 4.658992, -0.017178],
  [3.462797, 4.393133, -0.006442],
  [4.408957, 4.77116, 0.006054],
  0],
 [[4.315257, 4.793986, -0.113336],
  [3.618424, 4.658992, -0.017178],
  [4.408957, 4.77116, 0.006054],
  0],
 [[-1.801618, 5.188612, 0.835025],
  [-1.872539, 5.19181, 0.672591],
  [-1.529825, 4.865354, 0.517754],
  0],
 [[-1.801618, 5.188612, 0.835025],
  [-1.529825, 4.865354, 0.517754],
  [-1.43214, 4.847798, 0.685513],
  0],
 [[-1.872539, 5.19181, 0.672591],
  [-1.75896, 5.318623, 0.625217],
  [-1.403086, 5.005387, 0.464345],
  0],
 [[-1.872539, 5.19181, 0.672591],
  [-1.403086, 5.005387, 0.464345],
  [-1.529825, 4.865354, 0.517754],
  0],
 [[-1.75896, 5.318623, 0.625217],
  [-1.687194, 5.310324, 0.78587],
  [-1.403086, 5.005387, 0.464345],
  0],
 [[-1.687194, 5.310324, 0.78587],
  [-1.801618, 5.188612, 0.835025],
  [-1.43214, 4.847798, 0.685513],
  0],
 [[1.396005, 5.299738, 0.200627],
  [1.642384, 5.844195, 0.501653],
  [1.586801, 5.29492, 0.247486],
  0],
 [[1.642384, 5.844195, 0.501653],
  [1.548461, 5.294087, 0.441455],
  [1.586801, 5.29492, 0.247486],
  0],
 [[1.576407, 5.810651, 0.616004],
  [1.356845, 5.230943, 0.370571],
  [1.548461, 5.294087, 0.441455],
  0],
 [[1.576407, 5.810651, 0.616004],
  [1.642384, 5.844195, 0.501653],
  [1.396005, 5.299738, 0.200627],
  0],
 [[1.576407, 5.810651, 0.616004],
  [1.396005, 5.299738, 0.200627],
  [1.356845, 5.230943, 0.370571],
  0],
 [[1.642384, 5.844195, 0.501653],
  [1.576407, 5.810651, 0.616004],
  [1.548461, 5.294087, 0.441455],
  0],
 [[-1.474247, 6.745779, 0.902387],
  [-1.527113, 6.759476, 0.956099],
  [-1.625431, 6.01852, 0.926776],
  0],
 [[-1.474247, 6.745779, 0.902387],
  [-1.625431, 6.01852, 0.926776],
  [-1.685921, 5.440887, 0.72509],
  0],
 [[-1.527113, 6.759476, 0.956099],
  [-1.589936, 6.718247, 0.948863],
  [-1.625431, 6.01852, 0.926776],
  0],
 [[-1.679618, 6.124786, 0.761224],
  [-1.474247, 6.745779, 0.902387],
  [-1.685921, 5.440887, 0.72509],
  0],
 [[-1.589936, 6.718247, 0.948863],
  [-1.527113, 6.759476, 0.956099],
  [-1.679618, 6.124786, 0.761224],
  0],
 [[-1.527113, 6.759476, 0.956099],
  [-1.474247, 6.745779, 0.902387],
  [-1.679618, 6.124786, 0.761224],
  0],
 [[-1.866026, 5.436522, 0.66274],
  [-2.114384, 5.528892, 0.7961],
  [-1.939666, 5.461196, 0.822556],
  0],
 [[-2.114384, 5.528892, 0.7961],
  [-2.042978, 5.312166, 0.810352],
  [-1.939666, 5.461196, 0.822556],
  0],
 [[-2.042978, 5.312166, 0.810352],
  [-3.210912, 5.959621, 0.457596],
  [-2.014468, 5.312165, 0.642984],
  0],
 [[-3.210912, 5.959621, 0.457596],
  [-1.866026, 5.436522, 0.66274],
  [-2.014468, 5.312165, 0.642984],
  0],
 [[-3.210912, 5.959621, 0.457596],
  [-2.114384, 5.528892, 0.7961],
  [-1.866026, 5.436522, 0.66274],
  0],
 [[-3.244579, 5.930447, 0.587283],
  [-3.210912, 5.959621, 0.457596],
  [-2.042978, 5.312166, 0.810352],
  0],
 [[-3.210912, 5.959621, 0.457596],
  [-3.244579, 5.930447, 0.587283],
  [-2.114384, 5.528892, 0.7961],
  0],
 [[-3.244579, 5.930447, 0.587283],
  [-2.042978, 5.312166, 0.810352],
  [-2.114384, 5.528892, 0.7961],
  0],
 [[-0.709038, 4.871785, -2.321171],
  [-0.560162, 4.886829, -2.402396],
  [-0.248796, 4.402321, -1.292444],
  0],
 [[-0.560162, 4.886829, -2.402396],
  [-0.54708, 5.051295, -2.33947],
  [-0.339384, 4.763935, -1.621441],
  0],
 [[-0.560162, 4.886829, -2.402396],
  [-0.339384, 4.763935, -1.621441],
  [-0.248796, 4.402321, -1.292444],
  0],
 [[-0.54708, 5.051295, -2.33947],
  [-0.599468, 4.88743, -1.87912],
  [-0.339384, 4.763935, -1.621441],
  0],
 [[-0.54708, 5.051295, -2.33947],
  [-0.715852, 5.044949, -2.28558],
  [-0.599468, 4.88743, -1.87912],
  0],
 [[-0.715852, 5.044949, -2.28558],
  [-0.709038, 4.871785, -2.321171],
  [-0.599468, 4.88743, -1.87912],
  0],
 [[-1.871941, 5.708156, -2.699208],
  [-2.674349, 6.200274, -2.70526],
  [-1.613607, 5.703341, -2.679237],
  0],
 [[-2.674349, 6.200274, -2.70526],
  [-1.831607, 5.804157, -2.579502],
  [-1.613607, 5.703341, -2.679237],
  0],
 [[-2.723439, 6.126939, -2.685508],
  [-1.871941, 5.708156, -2.699208],
  [-1.849699, 5.687221, -2.584244],
  0],
 [[-2.723439, 6.126939, -2.685508],
  [-2.674349, 6.200274, -2.70526],
  [-1.871941, 5.708156, -2.699208],
  0],
 [[-2.674349, 6.200274, -2.70526],
  [-2.723439, 6.126939, -2.685508],
  [-1.849699, 5.687221, -2.584244],
  0],
 [[-2.674349, 6.200274, -2.70526],
  [-1.849699, 5.687221, -2.584244],
  [-1.831607, 5.804157, -2.579502],
  0],
 [[0.356763, 5.345927, -5.157156],
  [0.450449, 5.345752, -5.116299],
  [-0.112753, 5.122142, -3.757267],
  0],
 [[0.356763, 5.345927, -5.157156],
  [-0.112753, 5.122142, -3.757267],
  [-0.272593, 5.111013, -3.738875],
  0],
 [[0.450449, 5.345752, -5.116299],
  [0.418656, 5.431224, -5.083999],
  [-0.112753, 5.122142, -3.757267],
  0],
 [[0.326531, 5.434, -5.137534],
  [0.356763, 5.345927, -5.157156],
  [-0.272593, 5.111013, -3.738875],
  0],
 [[-2.17855, 6.087855, 2.287888],
  [-2.283015, 6.074268, 2.263713],
  [-1.970859, 5.32559, 0.92385],
  0],
 [[-2.17855, 6.087855, 2.287888],
  [-1.970859, 5.32559, 0.92385],
  [-1.80888, 5.325243, 0.964524],
  0],
 [[-2.283015, 6.074268, 2.263713],
  [-1.939666, 5.461196, 0.822556],
  [-1.970859, 5.32559, 0.92385],
  0],
 [[-1.779976, 5.460462, 0.878348],
  [-2.17855, 6.087855, 2.287888],
  [-1.80888, 5.325243, 0.964524],
  0],
 [[-2.283015, 6.074268, 2.263713],
  [-2.270761, 6.169461, 2.215795],
  [-1.939666, 5.461196, 0.822556],
  0],
 [[-2.270761, 6.169461, 2.215795],
  [-1.779976, 5.460462, 0.878348],
  [-1.939666, 5.461196, 0.822556],
  0],
 [[-2.270761, 6.169461, 2.215795],
  [-2.17855, 6.087855, 2.287888],
  [-1.779976, 5.460462, 0.878348],
  0],
 [[0.209577, 0.037384, 0.282934],
  [0.133705, 0.881766, -0.215367],
  [0.055532, 0.992101, 0.212752],
  0],
 [[-0.285749, -0.031252, 0.212863],
  [0.209577, 0.037384, 0.282934],
  [0.055532, 0.992101, 0.212752],
  0],
 [[-0.307302, 0.914366, -0.276717],
  [-0.285749, -0.031252, 0.212863],
  [-0.387096, 1.234439, 0.132778],
  0],
 [[-0.285749, -0.031252, 0.212863],
  [0.055532, 0.992101, 0.212752],
  [-0.387096, 1.234439, 0.132778],
  0],
 [[0.030198, 1.694795, -0.209667],
  [-0.336818, 1.545958, -0.266183],
  [-0.314144, 2.477054, -0.246605],
  0],
 [[-0.336818, 1.545958, -0.266183],
  [-0.389065, 1.898646, 0.103325],
  [-0.314144, 2.477054, -0.246605],
  0],
 [[-0.025283, 1.746355, 0.158285],
  [0.030198, 1.694795, -0.209667],
  [0.047939, 2.568686, -0.188851],
  0],
 [[-0.025283, 1.746355, 0.158285],
  [0.047939, 2.568686, -0.188851],
  [-0.003046, 2.563022, 0.167025],
  0],
 [[0.030198, 1.694795, -0.209667],
  [-0.314144, 2.477054, -0.246605],
  [0.047939, 2.568686, -0.188851],
  0],
 [[-0.389065, 1.898646, 0.103325],
  [-0.025283, 1.746355, 0.158285],
  [-0.003046, 2.563022, 0.167025],
  0],
 [[-0.314144, 2.477054, -0.246605],
  [-0.389065, 1.898646, 0.103325],
  [-0.351389, 2.667122, 0.115277],
  0],
 [[-0.389065, 1.898646, 0.103325],
  [-0.003046, 2.563022, 0.167025],
  [-0.351389, 2.667122, 0.115277],
  0],
 [[0.055532, 0.992101, 0.212752],
  [0.133705, 0.881766, -0.215367],
  [0.030198, 1.694795, -0.209667],
  0],
 [[0.055532, 0.992101, 0.212752],
  [0.030198, 1.694795, -0.209667],
  [-0.025283, 1.746355, 0.158285],
  0],
 [[0.133705, 0.881766, -0.215367],
  [-0.307302, 0.914366, -0.276717],
  [-0.336818, 1.545958, -0.266183],
  0],
 [[0.133705, 0.881766, -0.215367],
  [-0.336818, 1.545958, -0.266183],
  [0.030198, 1.694795, -0.209667],
  0],
 [[-0.307302, 0.914366, -0.276717],
  [-0.387096, 1.234439, 0.132778],
  [-0.336818, 1.545958, -0.266183],
  0],
 [[-0.387096, 1.234439, 0.132778],
  [0.055532, 0.992101, 0.212752],
  [-0.025283, 1.746355, 0.158285],
  0],
 [[-0.336818, 1.545958, -0.266183],
  [-0.387096, 1.234439, 0.132778],
  [-0.389065, 1.898646, 0.103325],
  0],
 [[-0.387096, 1.234439, 0.132778],
  [-0.025283, 1.746355, 0.158285],
  [-0.389065, 1.898646, 0.103325],
  0],
 [[-1.031532, 4.599743, 0.306251],
  [-1.403086, 5.005387, 0.464345],
  [-0.929684, 4.778513, 0.263795],
  0],
 [[-1.403086, 5.005387, 0.464345],
  [-1.243321, 4.964771, 0.610099],
  [-0.929684, 4.778513, 0.263795],
  0],
 [[-1.43214, 4.847798, 0.685513],
  [-1.529825, 4.865354, 0.517754],
  [-1.031532, 4.599743, 0.306251],
  0],
 [[-1.43214, 4.847798, 0.685513],
  [-1.031532, 4.599743, 0.306251],
  [-0.949484, 4.598742, 0.49927],
  0],
 [[-1.529825, 4.865354, 0.517754],
  [-1.403086, 5.005387, 0.464345],
  [-1.031532, 4.599743, 0.306251],
  0],
 [[-1.243321, 4.964771, 0.610099],
  [-1.43214, 4.847798, 0.685513],
  [-0.949484, 4.598742, 0.49927],
  0],
 [[-1.685921, 5.440887, 0.72509],
  [-1.625431, 6.01852, 0.926776],
  [-1.779976, 5.460462, 0.878348],
  0],
 [[-1.625431, 6.01852, 0.926776],
  [-1.589936, 6.718247, 0.948863],
  [-1.939666, 5.461196, 0.822556],
  0],
 [[-1.625431, 6.01852, 0.926776],
  [-1.939666, 5.461196, 0.822556],
  [-1.779976, 5.460462, 0.878348],
  0],
 [[-1.589936, 6.718247, 0.948863],
  [-1.679618, 6.124786, 0.761224],
  [-1.866026, 5.436522, 0.66274],
  0],
 [[-1.589936, 6.718247, 0.948863],
  [-1.866026, 5.436522, 0.66274],
  [-1.939666, 5.461196, 0.822556],
  0],
 [[-1.679618, 6.124786, 0.761224],
  [-1.685921, 5.440887, 0.72509],
  [-1.866026, 5.436522, 0.66274],
  0],
 [[1.70078, 4.748551, -0.121398],
  [1.72971, 4.756422, 0.127036],
  [2.908921, 4.607763, -0.000662],
  0],
 [[1.72971, 4.756422, 0.127036],
  [1.697171, 4.509045, 0.136863],
  [2.908921, 4.607763, -0.000662],
  0],
 [[1.697171, 4.509045, 0.136863],
  [1.668719, 4.502935, -0.111137],
  [2.911049, 4.352512, -0.241953],
  0],
 [[1.697171, 4.509045, 0.136863],
  [2.911049, 4.352512, -0.241953],
  [2.936222, 4.359823, 0.00429],
  0],
 [[1.668719, 4.502935, -0.111137],
  [1.70078, 4.748551, -0.121398],
  [2.911049, 4.352512, -0.241953],
  0],
 [[2.908921, 4.607763, -0.000662],
  [1.697171, 4.509045, 0.136863],
  [2.936222, 4.359823, 0.00429],
  0],
 [[2.911049, 4.352512, -0.241953],
  [1.70078, 4.748551, -0.121398],
  [3.082431, 4.596287, -0.261369],
  0],
 [[1.70078, 4.748551, -0.121398],
  [2.908921, 4.607763, -0.000662],
  [3.082431, 4.596287, -0.261369],
  0],
 [[1.571393, 4.758801, 0.233273],
  [1.356845, 5.230943, 0.370571],
  [1.320621, 4.724972, 0.161226],
  0],
 [[1.356845, 5.230943, 0.370571],
  [1.396005, 5.299738, 0.200627],
  [1.407405, 4.85818, -0.032799],
  0],
 [[1.356845, 5.230943, 0.370571],
  [1.407405, 4.85818, -0.032799],
  [1.320621, 4.724972, 0.161226],
  0],
 [[1.396005, 5.299738, 0.200627],
  [1.626233, 4.860308, 0.029651],
  [1.407405, 4.85818, -0.032799],
  0],
 [[1.548461, 5.294087, 0.441455],
  [1.356845, 5.230943, 0.370571],
  [1.571393, 4.758801, 0.233273],
  0],
 [[1.396005, 5.299738, 0.200627],
  [1.586801, 5.29492, 0.247486],
  [1.626233, 4.860308, 0.029651],
  0],
 [[1.586801, 5.29492, 0.247486],
  [1.548461, 5.294087, 0.441455],
  [1.571393, 4.758801, 0.233273],
  0],
 [[1.586801, 5.29492, 0.247486],
  [1.571393, 4.758801, 0.233273],
  [1.626233, 4.860308, 0.029651],
  0],
 [[-0.457511, 4.400604, -1.24428],
  [-0.248796, 4.402321, -1.292444],
  [-0.195709, 4.026944, -0.357585],
  0],
 [[-0.208517, 4.288145, -0.391208],
  [-0.457511, 4.400604, -1.24428],
  [-0.195709, 4.026944, -0.357585],
  0],
 [[-0.248796, 4.402321, -1.292444],
  [-0.339384, 4.763935, -1.621441],
  [0.042073, 4.259728, -0.368677],
  0],
 [[-0.339384, 4.763935, -1.621441],
  [-0.443334, 4.600331, -1.180487],
  [-0.208517, 4.288145, -0.391208],
  0],
 [[-0.339384, 4.763935, -1.621441],
  [-0.208517, 4.288145, -0.391208],
  [0.042073, 4.259728, -0.368677],
  0],
 [[-0.443334, 4.600331, -1.180487],
  [-0.457511, 4.400604, -1.24428],
  [-0.208517, 4.288145, -0.391208],
  0],
 [[-0.195709, 4.026944, -0.357585],
  [0.078187, 3.949882, -0.225856],
  [-0.149782, 3.896821, -0.162859],
  0],
 [[0.078187, 3.949882, -0.225856],
  [0.042073, 4.259728, -0.368677],
  [0.107816, 4.199752, -0.132688],
  0],
 [[0.042073, 4.259728, -0.368677],
  [-0.208517, 4.288145, -0.391208],
  [-0.126258, 4.201035, -0.079135],
  0],
 [[0.042073, 4.259728, -0.368677],
  [-0.126258, 4.201035, -0.079135],
  [0.107816, 4.199752, -0.132688],
  0],
 [[-0.208517, 4.288145, -0.391208],
  [-0.195709, 4.026944, -0.357585],
  [-0.149782, 3.896821, -0.162859],
  0],
 [[-0.208517, 4.288145, -0.391208],
  [-0.149782, 3.896821, -0.162859],
  [-0.126258, 4.201035, -0.079135],
  0],
 [[-0.195709, 4.026944, -0.357585],
  [-0.248796, 4.402321, -1.292444],
  [0.078187, 3.949882, -0.225856],
  0],
 [[-0.248796, 4.402321, -1.292444],
  [0.042073, 4.259728, -0.368677],
  [0.078187, 3.949882, -0.225856],
  0],
 [[-0.709038, 4.871785, -2.321171],
  [-0.248796, 4.402321, -1.292444],
  [-0.457511, 4.400604, -1.24428],
  0],
 [[-0.339384, 4.763935, -1.621441],
  [-0.599468, 4.88743, -1.87912],
  [-0.443334, 4.600331, -1.180487],
  0],
 [[-0.599468, 4.88743, -1.87912],
  [-0.709038, 4.871785, -2.321171],
  [-0.457511, 4.400604, -1.24428],
  0],
 [[-0.599468, 4.88743, -1.87912],
  [-0.457511, 4.400604, -1.24428],
  [-0.443334, 4.600331, -1.180487],
  0],
 [[-0.854074, 5.055955, -2.607512],
  [-1.613607, 5.703341, -2.679237],
  [-0.75534, 5.185423, -2.591563],
  0],
 [[-1.613607, 5.703341, -2.679237],
  [-0.783385, 5.189145, -2.43118],
  [-0.75534, 5.185423, -2.591563],
  0],
 [[-1.849699, 5.687221, -2.584244],
  [-1.871941, 5.708156, -2.699208],
  [-0.854074, 5.055955, -2.607512],
  0],
 [[-1.849699, 5.687221, -2.584244],
  [-0.854074, 5.055955, -2.607512],
  [-0.884269, 5.061996, -2.446541],
  0],
 [[-1.871941, 5.708156, -2.699208],
  [-1.613607, 5.703341, -2.679237],
  [-0.854074, 5.055955, -2.607512],
  0],
 [[-1.613607, 5.703341, -2.679237],
  [-1.831607, 5.804157, -2.579502],
  [-0.783385, 5.189145, -2.43118],
  0],
 [[-1.831607, 5.804157, -2.579502],
  [-1.849699, 5.687221, -2.584244],
  [-0.884269, 5.061996, -2.446541],
  0],
 [[-1.831607, 5.804157, -2.579502],
  [-0.884269, 5.061996, -2.446541],
  [-0.783385, 5.189145, -2.43118],
  0],
 [[-0.272593, 5.111013, -3.738875],
  [-0.546505, 4.96192, -2.624295],
  [-0.703001, 4.961919, -2.685566],
  0],
 [[-0.710138, 5.12884, -2.667336],
  [-0.272593, 5.111013, -3.738875],
  [-0.703001, 4.961919, -2.685566],
  0],
 [[-0.272593, 5.111013, -3.738875],
  [-0.112753, 5.122142, -3.757267],
  [-0.546505, 4.96192, -2.624295],
  0],
 [[-0.112753, 5.122142, -3.757267],
  [0.418656, 5.431224, -5.083999],
  [-0.553642, 5.128839, -2.606062],
  0],
 [[-0.112753, 5.122142, -3.757267],
  [-0.553642, 5.128839, -2.606062],
  [-0.546505, 4.96192, -2.624295],
  0],
 [[0.418656, 5.431224, -5.083999],
  [0.326531, 5.434, -5.137534],
  [-0.710138, 5.12884, -2.667336],
  0],
 [[0.418656, 5.431224, -5.083999],
  [-0.710138, 5.12884, -2.667336],
  [-0.553642, 5.128839, -2.606062],
  0],
 [[0.326531, 5.434, -5.137534],
  [-0.272593, 5.111013, -3.738875],
  [-0.710138, 5.12884, -2.667336],
  0],
 [[0.667219, 4.251678, -0.11128],
  [0.525571, 4.459577, -0.113982],
  [1.118046, 4.631284, -0.100138],
  0],
 [[0.525571, 4.459577, -0.113982],
  [0.489307, 4.443435, 0.131799],
  [1.115705, 4.631773, 0.148651],
  0],
 [[0.525571, 4.459577, -0.113982],
  [1.115705, 4.631773, 0.148651],
  [1.118046, 4.631284, -0.100138],
  0],
 [[0.489307, 4.443435, 0.131799],
  [0.68009, 4.2577, 0.136247],
  [1.115705, 4.631773, 0.148651],
  0],
 [[0.68009, 4.2577, 0.136247],
  [0.667219, 4.251678, -0.11128],
  [1.188062, 4.391801, -0.099891],
  0],
 [[0.68009, 4.2577, 0.136247],
  [1.188062, 4.391801, -0.099891],
  [1.18421, 4.391421, 0.149065],
  0],
 [[0.667219, 4.251678, -0.11128],
  [1.118046, 4.631284, -0.100138],
  [1.188062, 4.391801, -0.099891],
  0],
 [[1.115705, 4.631773, 0.148651],
  [0.68009, 4.2577, 0.136247],
  [1.18421, 4.391421, 0.149065],
  0],
 [[0.250739, 4.015524, 0.125605],
  [0.253929, 4.0146, -0.120852],
  [0.667219, 4.251678, -0.11128],
  0],
 [[0.250739, 4.015524, 0.125605],
  [0.667219, 4.251678, -0.11128],
  [0.68009, 4.2577, 0.136247],
  0],
 [[0.253929, 4.0146, -0.120852],
  [0.107816, 4.199752, -0.132688],
  [0.525571, 4.459577, -0.113982],
  0],
 [[0.253929, 4.0146, -0.120852],
  [0.525571, 4.459577, -0.113982],
  [0.667219, 4.251678, -0.11128],
  0],
 [[0.107816, 4.199752, -0.132688],
  [-0.004581, 4.193481, 0.136235],
  [0.489307, 4.443435, 0.131799],
  0],
 [[0.107816, 4.199752, -0.132688],
  [0.489307, 4.443435, 0.131799],
  [0.525571, 4.459577, -0.113982],
  0],
 [[-0.004581, 4.193481, 0.136235],
  [0.250739, 4.015524, 0.125605],
  [0.68009, 4.2577, 0.136247],
  0],
 [[-0.004581, 4.193481, 0.136235],
  [0.68009, 4.2577, 0.136247],
  [0.489307, 4.443435, 0.131799],
  0],
 [[-0.126258, 4.201035, -0.079135],
  [-0.666548, 4.665113, 0.388592],
  [-0.004581, 4.193481, 0.136235],
  0],
 [[-0.666548, 4.665113, 0.388592],
  [-0.167002, 4.017975, 0.19939],
  [-0.004581, 4.193481, 0.136235],
  0],
 [[-0.949484, 4.598742, 0.49927],
  [-1.031532, 4.599743, 0.306251],
  [-0.270706, 4.02937, -0.015615],
  0],
 [[-0.949484, 4.598742, 0.49927],
  [-0.270706, 4.02937, -0.015615],
  [-0.167002, 4.017975, 0.19939],
  0],
 [[-1.031532, 4.599743, 0.306251],
  [-0.929684, 4.778513, 0.263795],
  [-0.126258, 4.201035, -0.079135],
  0],
 [[-1.031532, 4.599743, 0.306251],
  [-0.126258, 4.201035, -0.079135],
  [-0.270706, 4.02937, -0.015615],
  0],
 [[-0.929684, 4.778513, 0.263795],
  [-0.666548, 4.665113, 0.388592],
  [-0.126258, 4.201035, -0.079135],
  0],
 [[-0.666548, 4.665113, 0.388592],
  [-0.949484, 4.598742, 0.49927],
  [-0.167002, 4.017975, 0.19939],
  0],
 [[-0.929684, 4.778513, 0.263795],
  [-1.243321, 4.964771, 0.610099],
  [-0.666548, 4.665113, 0.388592],
  0],
 [[-1.243321, 4.964771, 0.610099],
  [-0.949484, 4.598742, 0.49927],
  [-0.666548, 4.665113, 0.388592],
  0],
 [[-1.403086, 5.005387, 0.464345],
  [-1.687194, 5.310324, 0.78587],
  [-1.243321, 4.964771, 0.610099],
  0],
 [[-1.687194, 5.310324, 0.78587],
  [-1.43214, 4.847798, 0.685513],
  [-1.243321, 4.964771, 0.610099],
  0],
 [[0.047939, 2.568686, -0.188851],
  [-0.314144, 2.477054, -0.246605],
  [-0.24563, 3.199046, -0.195159],
  0],
 [[-0.314144, 2.477054, -0.246605],
  [-0.351389, 2.667122, 0.115277],
  [-0.24563, 3.199046, -0.195159],
  0],
 [[-0.003046, 2.563022, 0.167025],
  [0.047939, 2.568686, -0.188851],
  [0.026683, 3.327514, 0.15294],
  0],
 [[-0.351389, 2.667122, 0.115277],
  [-0.003046, 2.563022, 0.167025],
  [0.026683, 3.327514, 0.15294],
  0],
 [[0.026683, 3.327514, 0.15294],
  [0.047939, 2.568686, -0.188851],
  [0.079035, 3.449626, -0.133264],
  0],
 [[0.047939, 2.568686, -0.188851],
  [-0.24563, 3.199046, -0.195159],
  [0.079035, 3.449626, -0.133264],
  0],
 [[-0.24563, 3.199046, -0.195159],
  [-0.351389, 2.667122, 0.115277],
  [-0.266113, 3.355889, 0.11121],
  0],
 [[-0.351389, 2.667122, 0.115277],
  [0.026683, 3.327514, 0.15294],
  [-0.266113, 3.355889, 0.11121],
  0],
 [[0.133705, 0.881766, -0.215367],
  [-0.047853, -0.014912, -0.259382],
  [-0.307302, 0.914366, -0.276717],
  0],
 [[-0.047853, -0.014912, -0.259382],
  [-0.285749, -0.031252, 0.212863],
  [-0.307302, 0.914366, -0.276717],
  0],
 [[0.209577, 0.037384, 0.282934],
  [-0.047853, -0.014912, -0.259382],
  [0.133705, 0.881766, -0.215367],
  0],
 [[0.105908, 4.393776, -4.425782],
  [0.531415, 4.503618, -4.196939],
  [-0.041702, 4.480226, -3.973876],
  1],
 [[0.828086, 4.91914, -3.844676],
  [0.531415, 4.503618, -4.196939],
  [0.955084, 4.840866, -4.356341],
  1],
 [[0.105908, 4.393776, -4.425782],
  [-0.041702, 4.480226, -3.973876],
  [-0.40903, 4.618998, -4.401345],
  1],
 [[0.105908, 4.393776, -4.425782],
  [-0.40903, 4.618998, -4.401345],
  [-0.058636, 4.549098, -4.80588],
  1],
 [[0.105908, 4.393776, -4.425782],
  [-0.058636, 4.549098, -4.80588],
  [0.529794, 4.514709, -4.668635],
  1],
 [[0.828086, 4.91914, -3.844676],
  [0.955084, 4.840866, -4.356341],
  [1.055494, 5.366602, -3.981314],
  1],
 [[-0.153866, 5.007609, -3.228889],
  [0.368833, 4.85029, -3.507661],
  [0.104456, 5.384021, -3.226286],
  1],
 [[-0.774881, 4.996231, -4.364495],
  [-0.545052, 4.864253, -3.893449],
  [-0.832238, 5.500961, -3.996206],
  1],
 [[-0.172303, 4.870635, -5.139788],
  [-0.584153, 5.015178, -4.799804],
  [-0.493498, 5.317262, -5.061706],
  1],
 [[0.828044, 4.918925, -4.817448],
  [0.367305, 4.80692, -5.099331],
  [0.692187, 5.336717, -5.099207],
  1],
 [[0.828086, 4.91914, -3.844676],
  [1.055494, 5.366602, -3.981314],
  [0.692222, 5.366808, -3.47935],
  1],
 [[-0.153866, 5.007609, -3.228889],
  [0.104456, 5.384021, -3.226286],
  [-0.469688, 5.400083, -3.464186],
  1],
 [[-0.774881, 4.996231, -4.364495],
  [-0.832238, 5.500961, -3.996206],
  [-0.846541, 5.466689, -4.599597],
  1],
 [[-0.172303, 4.870635, -5.139788],
  [-0.493498, 5.317262, -5.061706],
  [0.094287, 5.139361, -5.252689],
  1],
 [[0.828044, 4.918925, -4.817448],
  [0.692187, 5.336717, -5.099207],
  [1.055494, 5.366602, -4.599332],
  1],
 [[0.380825, 5.813822, -3.438818],
  [0.792626, 5.892338, -3.790323],
  [0.266892, 6.217257, -3.790325],
  1],
 [[-0.618731, 5.896741, -3.734791],
  [-0.158432, 5.892478, -3.467652],
  [-0.320886, 6.250611, -3.981142],
  1],
 [[-0.630973, 5.88685, -4.772285],
  [-0.746211, 6.136789, -4.29032],
  [-0.328851, 6.239504, -4.569801],
  1],
 [[0.369022, 5.744392, -5.097209],
  [-0.185446, 5.758272, -4.99917],
  [0.258928, 6.198983, -4.760785],
  1],
 [[0.998863, 5.813818, -4.29032],
  [0.792626, 5.892338, -4.790317],
  [0.630166, 6.217254, -4.29032],
  1],
 [[0.630166, 6.217254, -4.29032],
  [0.258928, 6.198983, -4.760785],
  [0.104434, 6.366596, -4.290311],
  1],
 [[0.630166, 6.217254, -4.29032],
  [0.792626, 5.892338, -4.790317],
  [0.258928, 6.198983, -4.760785],
  1],
 [[0.792626, 5.892338, -4.790317],
  [0.369022, 5.744392, -5.097209],
  [0.258928, 6.198983, -4.760785],
  1],
 [[0.258928, 6.198983, -4.760785],
  [-0.328851, 6.239504, -4.569801],
  [0.104434, 6.366596, -4.290311],
  1],
 [[0.258928, 6.198983, -4.760785],
  [-0.185446, 5.758272, -4.99917],
  [-0.328851, 6.239504, -4.569801],
  1],
 [[-0.185446, 5.758272, -4.99917],
  [-0.630973, 5.88685, -4.772285],
  [-0.328851, 6.239504, -4.569801],
  1],
 [[-0.328851, 6.239504, -4.569801],
  [-0.320886, 6.250611, -3.981142],
  [0.104434, 6.366596, -4.290311],
  1],
 [[-0.328851, 6.239504, -4.569801],
  [-0.746211, 6.136789, -4.29032],
  [-0.320886, 6.250611, -3.981142],
  1],
 [[-0.746211, 6.136789, -4.29032],
  [-0.618731, 5.896741, -3.734791],
  [-0.320886, 6.250611, -3.981142],
  1],
 [[-0.320886, 6.250611, -3.981142],
  [0.266892, 6.217257, -3.790325],
  [0.104434, 6.366596, -4.290311],
  1],
 [[-0.320886, 6.250611, -3.981142],
  [-0.158432, 5.892478, -3.467652],
  [0.266892, 6.217257, -3.790325],
  1],
 [[-0.158432, 5.892478, -3.467652],
  [0.380825, 5.813822, -3.438818],
  [0.266892, 6.217257, -3.790325],
  1],
 [[0.266892, 6.217257, -3.790325],
  [0.630166, 6.217254, -4.29032],
  [0.104434, 6.366596, -4.290311],
  1],
 [[0.266892, 6.217257, -3.790325],
  [0.792626, 5.892338, -3.790323],
  [0.630166, 6.217254, -4.29032],
  1],
 [[0.792626, 5.892338, -3.790323],
  [0.998863, 5.813818, -4.29032],
  [0.630166, 6.217254, -4.29032],
  1],
 [[1.055494, 5.366602, -4.599332],
  [0.792626, 5.892338, -4.790317],
  [0.998863, 5.813818, -4.29032],
  1],
 [[1.055494, 5.366602, -4.599332],
  [0.692187, 5.336717, -5.099207],
  [0.792626, 5.892338, -4.790317],
  1],
 [[0.692187, 5.336717, -5.099207],
  [0.369022, 5.744392, -5.097209],
  [0.792626, 5.892338, -4.790317],
  1],
 [[0.094287, 5.139361, -5.252689],
  [-0.185446, 5.758272, -4.99917],
  [0.369022, 5.744392, -5.097209],
  1],
 [[0.094287, 5.139361, -5.252689],
  [-0.493498, 5.317262, -5.061706],
  [-0.185446, 5.758272, -4.99917],
  1],
 [[-0.493498, 5.317262, -5.061706],
  [-0.630973, 5.88685, -4.772285],
  [-0.185446, 5.758272, -4.99917],
  1],
 [[-0.846541, 5.466689, -4.599597],
  [-0.746211, 6.136789, -4.29032],
  [-0.630973, 5.88685, -4.772285],
  1],
 [[-0.846541, 5.466689, -4.599597],
  [-0.832238, 5.500961, -3.996206],
  [-0.746211, 6.136789, -4.29032],
  1],
 [[-0.832238, 5.500961, -3.996206],
  [-0.618731, 5.896741, -3.734791],
  [-0.746211, 6.136789, -4.29032],
  1],
 [[-0.469688, 5.400083, -3.464186],
  [-0.158432, 5.892478, -3.467652],
  [-0.618731, 5.896741, -3.734791],
  1],
 [[-0.469688, 5.400083, -3.464186],
  [0.104456, 5.384021, -3.226286],
  [-0.158432, 5.892478, -3.467652],
  1],
 [[0.104456, 5.384021, -3.226286],
  [0.380825, 5.813822, -3.438818],
  [-0.158432, 5.892478, -3.467652],
  1],
 [[0.692222, 5.366808, -3.47935],
  [0.792626, 5.892338, -3.790323],
  [0.380825, 5.813822, -3.438818],
  1],
 [[0.692222, 5.366808, -3.47935],
  [1.055494, 5.366602, -3.981314],
  [0.792626, 5.892338, -3.790323],
  1],
 [[1.055494, 5.366602, -3.981314],
  [0.998863, 5.813818, -4.29032],
  [0.792626, 5.892338, -3.790323],
  1],
 [[0.692187, 5.336717, -5.099207],
  [0.094287, 5.139361, -5.252689],
  [0.369022, 5.744392, -5.097209],
  1],
 [[0.692187, 5.336717, -5.099207],
  [0.367305, 4.80692, -5.099331],
  [0.094287, 5.139361, -5.252689],
  1],
 [[0.367305, 4.80692, -5.099331],
  [-0.172303, 4.870635, -5.139788],
  [0.094287, 5.139361, -5.252689],
  1],
 [[-0.493498, 5.317262, -5.061706],
  [-0.846541, 5.466689, -4.599597],
  [-0.630973, 5.88685, -4.772285],
  1],
 [[-0.493498, 5.317262, -5.061706],
  [-0.584153, 5.015178, -4.799804],
  [-0.846541, 5.466689, -4.599597],
  1],
 [[-0.584153, 5.015178, -4.799804],
  [-0.774881, 4.996231, -4.364495],
  [-0.846541, 5.466689, -4.599597],
  1],
 [[-0.832238, 5.500961, -3.996206],
  [-0.469688, 5.400083, -3.464186],
  [-0.618731, 5.896741, -3.734791],
  1],
 [[-0.832238, 5.500961, -3.996206],
  [-0.545052, 4.864253, -3.893449],
  [-0.469688, 5.400083, -3.464186],
  1],
 [[-0.545052, 4.864253, -3.893449],
  [-0.153866, 5.007609, -3.228889],
  [-0.469688, 5.400083, -3.464186],
  1],
 [[0.104456, 5.384021, -3.226286],
  [0.692222, 5.366808, -3.47935],
  [0.380825, 5.813822, -3.438818],
  1],
 [[0.104456, 5.384021, -3.226286],
  [0.368833, 4.85029, -3.507661],
  [0.692222, 5.366808, -3.47935],
  1],
 [[0.368833, 4.85029, -3.507661],
  [0.828086, 4.91914, -3.844676],
  [0.692222, 5.366808, -3.47935],
  1],
 [[1.055494, 5.366602, -3.981314],
  [1.055494, 5.366602, -4.599332],
  [0.998863, 5.813818, -4.29032],
  1],
 [[1.055494, 5.366602, -3.981314],
  [0.955084, 4.840866, -4.356341],
  [1.055494, 5.366602, -4.599332],
  1],
 [[0.955084, 4.840866, -4.356341],
  [0.828044, 4.918925, -4.817448],
  [1.055494, 5.366602, -4.599332],
  1],
 [[0.529794, 4.514709, -4.668635],
  [0.367305, 4.80692, -5.099331],
  [0.828044, 4.918925, -4.817448],
  1],
 [[0.529794, 4.514709, -4.668635],
  [-0.058636, 4.549098, -4.80588],
  [0.367305, 4.80692, -5.099331],
  1],
 [[-0.058636, 4.549098, -4.80588],
  [-0.172303, 4.870635, -5.139788],
  [0.367305, 4.80692, -5.099331],
  1],
 [[-0.058636, 4.549098, -4.80588],
  [-0.584153, 5.015178, -4.799804],
  [-0.172303, 4.870635, -5.139788],
  1],
 [[-0.058636, 4.549098, -4.80588],
  [-0.40903, 4.618998, -4.401345],
  [-0.584153, 5.015178, -4.799804],
  1],
 [[-0.40903, 4.618998, -4.401345],
  [-0.774881, 4.996231, -4.364495],
  [-0.584153, 5.015178, -4.799804],
  1],
 [[-0.40903, 4.618998, -4.401345],
  [-0.545052, 4.864253, -3.893449],
  [-0.774881, 4.996231, -4.364495],
  1],
 [[-0.40903, 4.618998, -4.401345],
  [-0.041702, 4.480226, -3.973876],
  [-0.545052, 4.864253, -3.893449],
  1],
 [[-0.041702, 4.480226, -3.973876],
  [-0.153866, 5.007609, -3.228889],
  [-0.545052, 4.864253, -3.893449],
  1],
 [[0.955084, 4.840866, -4.356341],
  [0.529794, 4.514709, -4.668635],
  [0.828044, 4.918925, -4.817448],
  1],
 [[0.955084, 4.840866, -4.356341],
  [0.531415, 4.503618, -4.196939],
  [0.529794, 4.514709, -4.668635],
  1],
 [[0.531415, 4.503618, -4.196939],
  [0.105908, 4.393776, -4.425782],
  [0.529794, 4.514709, -4.668635],
  1],
 [[-0.041702, 4.480226, -3.973876],
  [0.368833, 4.85029, -3.507661],
  [-0.153866, 5.007609, -3.228889],
  1],
 [[-0.041702, 4.480226, -3.973876],
  [0.531415, 4.503618, -4.196939],
  [0.368833, 4.85029, -3.507661],
  1],
 [[0.531415, 4.503618, -4.196939],
  [0.828086, 4.91914, -3.844676],
  [0.368833, 4.85029, -3.507661],
  1],
 [[-2.319558, 4.912621, -2.724891],
  [-1.739475, 5.087277, -2.412914],
  [-2.520791, 5.040576, -2.108818],
  1],
 [[-1.335031, 5.657187, -1.932683],
  [-1.739475, 5.087277, -2.412914],
  [-1.161897, 5.549834, -2.630224],
  1],
 [[-2.319558, 4.912621, -2.724891],
  [-2.520791, 5.040576, -2.108818],
  [-3.02156, 4.769462, -2.691577],
  1],
 [[-2.319558, 4.912621, -2.724891],
  [-3.02156, 4.769462, -2.691577],
  [-2.543876, 5.121658, -3.243068],
  1],
 [[-2.319558, 4.912621, -2.724891],
  [-2.543876, 5.121658, -3.243068],
  [-1.741685, 5.078822, -3.055966],
  1],
 [[-1.335031, 5.657187, -1.932683],
  [-1.161897, 5.549834, -2.630224],
  [-1.025011, 6.2672, -2.118959],
  1],
 [[-2.673701, 5.865201, -1.093197],
  [-1.961118, 5.563324, -1.473239],
  [-2.321538, 6.285293, -1.089648],
  1],
 [[-3.520317, 5.71794, -2.64134],
  [-3.206995, 5.606623, -1.999175],
  [-3.598509, 6.415244, -2.13926],
  1],
 [[-2.698836, 5.343868, -3.698277],
  [-3.260302, 5.791612, -3.234786],
  [-3.136714, 6.460393, -3.59183],
  1],
 [[-1.335088, 5.654687, -3.258839],
  [-1.963202, 5.679838, -3.643124],
  [-1.520298, 6.220655, -3.642955],
  1],
 [[-1.335031, 5.657187, -1.932683],
  [-1.025011, 6.2672, -2.118959],
  [-1.520251, 6.267481, -1.434644],
  1],
 [[-2.673701, 5.865201, -1.093197],
  [-2.321538, 6.285293, -1.089648],
  [-3.104253, 6.490472, -1.41397],
  1],
 [[-3.520317, 5.71794, -2.64134],
  [-3.598509, 6.415244, -2.13926],
  [-3.618008, 6.385598, -2.961848],
  1],
 [[-2.698836, 5.343868, -3.698277],
  [-3.136714, 6.460393, -3.59183],
  [-2.3354, 6.197096, -3.852193],
  1],
 [[-1.335088, 5.654687, -3.258839],
  [-1.520298, 6.220655, -3.642955],
  [-1.025011, 6.2672, -2.961488],
  1],
 [[-1.944771, 6.876884, -1.379387],
  [-1.383373, 6.983923, -1.858585],
  [-2.100093, 7.426876, -1.858588],
  1],
 [[-3.307441, 6.724445, -1.78288],
  [-2.679927, 6.950202, -1.418696],
  [-2.901396, 7.454688, -2.118724],
  1],
 [[-3.32413, 6.788842, -3.197269],
  [-3.481231, 7.295712, -2.540219],
  [-2.912254, 7.43754, -2.921228],
  1],
 [[-1.960861, 6.81275, -3.64023],
  [-2.716754, 7.358428, -3.506576],
  [-2.11095, 7.404924, -3.181592],
  1],
 [[-1.102215, 6.876878, -2.540219],
  [-1.383373, 6.983923, -3.221852],
  [-1.60485, 7.426872, -2.540219],
  1],
 [[-1.60485, 7.426872, -2.540219],
  [-2.11095, 7.404924, -3.181592],
  [-2.321568, 7.630467, -2.540206],
  1],
 [[-1.60485, 7.426872, -2.540219],
  [-1.383373, 6.983923, -3.221852],
  [-2.11095, 7.404924, -3.181592],
  1],
 [[-1.383373, 6.983923, -3.221852],
  [-1.960861, 6.81275, -3.64023],
  [-2.11095, 7.404924, -3.181592],
  1],
 [[-2.11095, 7.404924, -3.181592],
  [-2.912254, 7.43754, -2.921228],
  [-2.321568, 7.630467, -2.540206],
  1],
 [[-2.11095, 7.404924, -3.181592],
  [-2.716754, 7.358428, -3.506576],
  [-2.912254, 7.43754, -2.921228],
  1],
 [[-2.716754, 7.358428, -3.506576],
  [-3.32413, 6.788842, -3.197269],
  [-2.912254, 7.43754, -2.921228],
  1],
 [[-2.912254, 7.43754, -2.921228],
  [-2.901396, 7.454688, -2.118724],
  [-2.321568, 7.630467, -2.540206],
  1],
 [[-2.912254, 7.43754, -2.921228],
  [-3.481231, 7.295712, -2.540219],
  [-2.901396, 7.454688, -2.118724],
  1],
 [[-3.481231, 7.295712, -2.540219],
  [-3.307441, 6.724445, -1.78288],
  [-2.901396, 7.454688, -2.118724],
  1],
 [[-2.901396, 7.454688, -2.118724],
  [-2.100093, 7.426876, -1.858588],
  [-2.321568, 7.630467, -2.540206],
  1],
 [[-2.901396, 7.454688, -2.118724],
  [-2.679927, 6.950202, -1.418696],
  [-2.100093, 7.426876, -1.858588],
  1],
 [[-2.679927, 6.950202, -1.418696],
  [-1.944771, 6.876884, -1.379387],
  [-2.100093, 7.426876, -1.858588],
  1],
 [[-2.100093, 7.426876, -1.858588],
  [-1.60485, 7.426872, -2.540219],
  [-2.321568, 7.630467, -2.540206],
  1],
 [[-2.100093, 7.426876, -1.858588],
  [-1.383373, 6.983923, -1.858585],
  [-1.60485, 7.426872, -2.540219],
  1],
 [[-1.383373, 6.983923, -1.858585],
  [-1.102215, 6.876878, -2.540219],
  [-1.60485, 7.426872, -2.540219],
  1],
 [[-1.025011, 6.2672, -2.961488],
  [-1.383373, 6.983923, -3.221852],
  [-1.102215, 6.876878, -2.540219],
  1],
 [[-1.025011, 6.2672, -2.961488],
  [-1.520298, 6.220655, -3.642955],
  [-1.383373, 6.983923, -3.221852],
  1],
 [[-1.520298, 6.220655, -3.642955],
  [-1.960861, 6.81275, -3.64023],
  [-1.383373, 6.983923, -3.221852],
  1],
 [[-2.3354, 6.197096, -3.852193],
  [-2.716754, 7.358428, -3.506576],
  [-1.960861, 6.81275, -3.64023],
  1],
 [[-2.3354, 6.197096, -3.852193],
  [-3.136714, 6.460393, -3.59183],
  [-2.716754, 7.358428, -3.506576],
  1],
 [[-3.136714, 6.460393, -3.59183],
  [-3.32413, 6.788842, -3.197269],
  [-2.716754, 7.358428, -3.506576],
  1],
 [[-3.618008, 6.385598, -2.961848],
  [-3.481231, 7.295712, -2.540219],
  [-3.32413, 6.788842, -3.197269],
  1],
 [[-3.618008, 6.385598, -2.961848],
  [-3.598509, 6.415244, -2.13926],
  [-3.481231, 7.295712, -2.540219],
  1],
 [[-3.598509, 6.415244, -2.13926],
  [-3.307441, 6.724445, -1.78288],
  [-3.481231, 7.295712, -2.540219],
  1],
 [[-3.104253, 6.490472, -1.41397],
  [-2.679927, 6.950202, -1.418696],
  [-3.307441, 6.724445, -1.78288],
  1],
 [[-3.104253, 6.490472, -1.41397],
  [-2.321538, 6.285293, -1.089648],
  [-2.679927, 6.950202, -1.418696],
  1],
 [[-2.321538, 6.285293, -1.089648],
  [-1.944771, 6.876884, -1.379387],
  [-2.679927, 6.950202, -1.418696],
  1],
 [[-1.520251, 6.267481, -1.434644],
  [-1.383373, 6.983923, -1.858585],
  [-1.944771, 6.876884, -1.379387],
  1],
 [[-1.520251, 6.267481, -1.434644],
  [-1.025011, 6.2672, -2.118959],
  [-1.383373, 6.983923, -1.858585],
  1],
 [[-1.025011, 6.2672, -2.118959],
  [-1.102215, 6.876878, -2.540219],
  [-1.383373, 6.983923, -1.858585],
  1],
 [[-1.520298, 6.220655, -3.642955],
  [-2.3354, 6.197096, -3.852193],
  [-1.960861, 6.81275, -3.64023],
  1],
 [[-1.520298, 6.220655, -3.642955],
  [-1.963202, 5.679838, -3.643124],
  [-2.3354, 6.197096, -3.852193],
  1],
 [[-1.963202, 5.679838, -3.643124],
  [-2.698836, 5.343868, -3.698277],
  [-2.3354, 6.197096, -3.852193],
  1],
 [[-3.136714, 6.460393, -3.59183],
  [-3.618008, 6.385598, -2.961848],
  [-3.32413, 6.788842, -3.197269],
  1],
 [[-3.136714, 6.460393, -3.59183],
  [-3.260302, 5.791612, -3.234786],
  [-3.618008, 6.385598, -2.961848],
  1],
 [[-3.260302, 5.791612, -3.234786],
  [-3.520317, 5.71794, -2.64134],
  [-3.618008, 6.385598, -2.961848],
  1],
 [[-3.598509, 6.415244, -2.13926],
  [-3.104253, 6.490472, -1.41397],
  [-3.307441, 6.724445, -1.78288],
  1],
 [[-3.598509, 6.415244, -2.13926],
  [-3.206995, 5.606623, -1.999175],
  [-3.104253, 6.490472, -1.41397],
  1],
 [[-3.206995, 5.606623, -1.999175],
  [-2.673701, 5.865201, -1.093197],
  [-3.104253, 6.490472, -1.41397],
  1],
 [[-2.321538, 6.285293, -1.089648],
  [-1.520251, 6.267481, -1.434644],
  [-1.944771, 6.876884, -1.379387],
  1],
 [[-2.321538, 6.285293, -1.089648],
  [-1.961118, 5.563324, -1.473239],
  [-1.520251, 6.267481, -1.434644],
  1],
 [[-1.961118, 5.563324, -1.473239],
  [-1.335031, 5.657187, -1.932683],
  [-1.520251, 6.267481, -1.434644],
  1],
 [[-1.025011, 6.2672, -2.118959],
  [-1.025011, 6.2672, -2.961488],
  [-1.102215, 6.876878, -2.540219],
  1],
 [[-1.025011, 6.2672, -2.118959],
  [-1.161897, 5.549834, -2.630224],
  [-1.025011, 6.2672, -2.961488],
  1],
 [[-1.161897, 5.549834, -2.630224],
  [-1.335088, 5.654687, -3.258839],
  [-1.025011, 6.2672, -2.961488],
  1],
 [[-1.741685, 5.078822, -3.055966],
  [-1.963202, 5.679838, -3.643124],
  [-1.335088, 5.654687, -3.258839],
  1],
 [[-1.741685, 5.078822, -3.055966],
  [-2.543876, 5.121658, -3.243068],
  [-1.963202, 5.679838, -3.643124],
  1],
 [[-2.543876, 5.121658, -3.243068],
  [-2.698836, 5.343868, -3.698277],
  [-1.963202, 5.679838, -3.643124],
  1],
 [[-2.543876, 5.121658, -3.243068],
  [-3.260302, 5.791612, -3.234786],
  [-2.698836, 5.343868, -3.698277],
  1],
 [[-2.543876, 5.121658, -3.243068],
  [-3.02156, 4.769462, -2.691577],
  [-3.260302, 5.791612, -3.234786],
  1],
 [[-3.02156, 4.769462, -2.691577],
  [-3.520317, 5.71794, -2.64134],
  [-3.260302, 5.791612, -3.234786],
  1],
 [[-3.02156, 4.769462, -2.691577],
  [-3.206995, 5.606623, -1.999175],
  [-3.520317, 5.71794, -2.64134],
  1],
 [[-3.02156, 4.769462, -2.691577],
  [-2.520791, 5.040576, -2.108818],
  [-3.206995, 5.606623, -1.999175],
  1],
 [[-2.520791, 5.040576, -2.108818],
  [-2.673701, 5.865201, -1.093197],
  [-3.206995, 5.606623, -1.999175],
  1],
 [[-1.161897, 5.549834, -2.630224],
  [-1.741685, 5.078822, -3.055966],
  [-1.335088, 5.654687, -3.258839],
  1],
 [[-1.161897, 5.549834, -2.630224],
  [-1.739475, 5.087277, -2.412914],
  [-1.741685, 5.078822, -3.055966],
  1],
 [[-1.739475, 5.087277, -2.412914],
  [-2.319558, 4.912621, -2.724891],
  [-1.741685, 5.078822, -3.055966],
  1],
 [[-2.520791, 5.040576, -2.108818],
  [-1.961118, 5.563324, -1.473239],
  [-2.673701, 5.865201, -1.093197],
  1],
 [[-2.520791, 5.040576, -2.108818],
  [-1.739475, 5.087277, -2.412914],
  [-1.961118, 5.563324, -1.473239],
  1],
 [[-1.739475, 5.087277, -2.412914],
  [-1.335031, 5.657187, -1.932683],
  [-1.961118, 5.563324, -1.473239],
  1],
 [[-1.570213, 6.069786, 0.84004],
  [-1.31228, 6.13637, 0.97876],
  [-1.659691, 6.12219, 1.113976],
  1],
 [[-1.132445, 6.388251, 1.192294],
  [-1.31228, 6.13637, 0.97876],
  [-1.055461, 6.340802, 0.882133],
  1],
 [[-1.570213, 6.069786, 0.84004],
  [-1.659691, 6.12219, 1.113976],
  [-1.882357, 6.206311, 0.854853],
  1],
 [[-1.570213, 6.069786, 0.84004],
  [-1.882357, 6.206311, 0.854853],
  [-1.669956, 6.163939, 0.609633],
  1],
 [[-1.570213, 6.069786, 0.84004],
  [-1.669956, 6.163939, 0.609633],
  [-1.313263, 6.143093, 0.692828],
  1],
 [[-1.132445, 6.388251, 1.192294],
  [-1.055461, 6.340802, 0.882133],
  [-0.994595, 6.659492, 1.109466],
  1],
 [[-1.727682, 6.441878, 1.56557],
  [-1.410834, 6.346515, 1.396585],
  [-1.571094, 6.670051, 1.567148],
  1],
 [[-2.104129, 6.434981, 0.877191],
  [-1.964811, 6.354979, 1.162728],
  [-2.138897, 6.740938, 1.10044],
  1],
 [[-1.738859, 6.358848, 0.407225],
  [-1.988513, 6.446466, 0.613316],
  [-1.93356, 6.629583, 0.454557],
  1],
 [[-1.13247, 6.38812, 0.602621],
  [-1.41176, 6.320225, 0.431749],
  [-1.214824, 6.641376, 0.431824],
  1],
 [[-1.132445, 6.388251, 1.192294],
  [-0.994595, 6.659492, 1.109466],
  [-1.214803, 6.659617, 1.413746],
  1],
 [[-1.727682, 6.441878, 1.56557],
  [-1.571094, 6.670051, 1.567148],
  [-1.919127, 6.679788, 1.422938],
  1],
 [[-2.104129, 6.434981, 0.877191],
  [-2.138897, 6.740938, 1.10044],
  [-2.147567, 6.720162, 0.734677],
  1],
 [[-1.738859, 6.358848, 0.407225],
  [-1.93356, 6.629583, 0.454557],
  [-1.577258, 6.521744, 0.338787],
  1],
 [[-1.13247, 6.38812, 0.602621],
  [-1.214824, 6.641376, 0.431824],
  [-0.994595, 6.659492, 0.734837],
  1],
 [[-1.403565, 6.930587, 1.438316],
  [-1.15394, 6.978182, 1.225241],
  [-1.472628, 7.17514, 1.22524],
  1],
 [[-2.009474, 6.980851, 1.258903],
  [-1.730451, 6.978267, 1.420837],
  [-1.828927, 7.195359, 1.109571],
  1],
 [[-2.016895, 6.974855, 0.629997],
  [-2.08675, 7.126363, 0.922154],
  [-1.833755, 7.188626, 0.752739],
  1],
 [[-1.028924, 6.930584, 0.922154],
  [-1.15394, 6.978182, 0.619067],
  [-1.252419, 7.175138, 0.922154],
  1],
 [[-1.252419, 7.175138, 0.922154],
  [-1.477456, 7.164063, 0.636969],
  [-1.571107, 7.265666, 0.922159],
  1],
 [[-1.252419, 7.175138, 0.922154],
  [-1.15394, 6.978182, 0.619067],
  [-1.477456, 7.164063, 0.636969],
  1],
 [[-1.15394, 6.978182, 0.619067],
  [-1.454464, 6.905228, 0.431508],
  [-1.477456, 7.164063, 0.636969],
  1],
 [[-1.477456, 7.164063, 0.636969],
  [-1.833755, 7.188626, 0.752739],
  [-1.571107, 7.265666, 0.922159],
  1],
 [[-1.477456, 7.164063, 0.636969],
  [-1.454464, 6.905228, 0.431508],
  [-1.833755, 7.188626, 0.752739],
  1],
 [[-1.454464, 6.905228, 0.431508],
  [-2.016895, 6.974855, 0.629997],
  [-1.833755, 7.188626, 0.752739],
  1],
 [[-1.833755, 7.188626, 0.752739],
  [-1.828927, 7.195359, 1.109571],
  [-1.571107, 7.265666, 0.922159],
  1],
 [[-1.833755, 7.188626, 0.752739],
  [-2.08675, 7.126363, 0.922154],
  [-1.828927, 7.195359, 1.109571],
  1],
 [[-2.08675, 7.126363, 0.922154],
  [-2.009474, 6.980851, 1.258903],
  [-1.828927, 7.195359, 1.109571],
  1],
 [[-1.828927, 7.195359, 1.109571],
  [-1.472628, 7.17514, 1.22524],
  [-1.571107, 7.265666, 0.922159],
  1],
 [[-1.828927, 7.195359, 1.109571],
  [-1.730451, 6.978267, 1.420837],
  [-1.472628, 7.17514, 1.22524],
  1],
 [[-1.730451, 6.978267, 1.420837],
  [-1.403565, 6.930587, 1.438316],
  [-1.472628, 7.17514, 1.22524],
  1],
 [[-1.472628, 7.17514, 1.22524],
  [-1.252419, 7.175138, 0.922154],
  [-1.571107, 7.265666, 0.922159],
  1],
 [[-1.472628, 7.17514, 1.22524],
  [-1.15394, 6.978182, 1.225241],
  [-1.252419, 7.175138, 0.922154],
  1],
 [[-1.15394, 6.978182, 1.225241],
  [-1.028924, 6.930584, 0.922154],
  [-1.252419, 7.175138, 0.922154],
  1],
 [[-0.994595, 6.659492, 0.734837],
  [-1.15394, 6.978182, 0.619067],
  [-1.028924, 6.930584, 0.922154],
  1],
 [[-0.994595, 6.659492, 0.734837],
  [-1.214824, 6.641376, 0.431824],
  [-1.15394, 6.978182, 0.619067],
  1],
 [[-1.214824, 6.641376, 0.431824],
  [-1.454464, 6.905228, 0.431508],
  [-1.15394, 6.978182, 0.619067],
  1],
 [[-1.577258, 6.521744, 0.338787],
  [-1.93356, 6.629583, 0.454557],
  [-1.454464, 6.905228, 0.431508],
  1],
 [[-1.93356, 6.629583, 0.454557],
  [-2.016895, 6.974855, 0.629997],
  [-1.454464, 6.905228, 0.431508],
  1],
 [[-2.147567, 6.720162, 0.734677],
  [-2.08675, 7.126363, 0.922154],
  [-2.016895, 6.974855, 0.629997],
  1],
 [[-2.147567, 6.720162, 0.734677],
  [-2.138897, 6.740938, 1.10044],
  [-2.08675, 7.126363, 0.922154],
  1],
 [[-2.138897, 6.740938, 1.10044],
  [-2.009474, 6.980851, 1.258903],
  [-2.08675, 7.126363, 0.922154],
  1],
 [[-1.919127, 6.679788, 1.422938],
  [-1.730451, 6.978267, 1.420837],
  [-2.009474, 6.980851, 1.258903],
  1],
 [[-1.919127, 6.679788, 1.422938],
  [-1.571094, 6.670051, 1.567148],
  [-1.730451, 6.978267, 1.420837],
  1],
 [[-1.571094, 6.670051, 1.567148],
  [-1.403565, 6.930587, 1.438316],
  [-1.730451, 6.978267, 1.420837],
  1],
 [[-1.214803, 6.659617, 1.413746],
  [-1.15394, 6.978182, 1.225241],
  [-1.403565, 6.930587, 1.438316],
  1],
 [[-1.214803, 6.659617, 1.413746],
  [-0.994595, 6.659492, 1.109466],
  [-1.15394, 6.978182, 1.225241],
  1],
 [[-0.994595, 6.659492, 1.109466],
  [-1.028924, 6.930584, 0.922154],
  [-1.15394, 6.978182, 1.225241],
  1],
 [[-1.214824, 6.641376, 0.431824],
  [-1.577258, 6.521744, 0.338787],
  [-1.454464, 6.905228, 0.431508],
  1],
 [[-1.214824, 6.641376, 0.431824],
  [-1.41176, 6.320225, 0.431749],
  [-1.577258, 6.521744, 0.338787],
  1],
 [[-1.41176, 6.320225, 0.431749],
  [-1.738859, 6.358848, 0.407225],
  [-1.577258, 6.521744, 0.338787],
  1],
 [[-1.93356, 6.629583, 0.454557],
  [-2.147567, 6.720162, 0.734677],
  [-2.016895, 6.974855, 0.629997],
  1],
 [[-1.93356, 6.629583, 0.454557],
  [-1.988513, 6.446466, 0.613316],
  [-2.147567, 6.720162, 0.734677],
  1],
 [[-1.988513, 6.446466, 0.613316],
  [-2.104129, 6.434981, 0.877191],
  [-2.147567, 6.720162, 0.734677],
  1],
 [[-2.138897, 6.740938, 1.10044],
  [-1.919127, 6.679788, 1.422938],
  [-2.009474, 6.980851, 1.258903],
  1],
 [[-2.138897, 6.740938, 1.10044],
  [-1.964811, 6.354979, 1.162728],
  [-1.919127, 6.679788, 1.422938],
  1],
 [[-1.964811, 6.354979, 1.162728],
  [-1.727682, 6.441878, 1.56557],
  [-1.919127, 6.679788, 1.422938],
  1],
 [[-1.571094, 6.670051, 1.567148],
  [-1.214803, 6.659617, 1.413746],
  [-1.403565, 6.930587, 1.438316],
  1],
 [[-1.571094, 6.670051, 1.567148],
  [-1.410834, 6.346515, 1.396585],
  [-1.214803, 6.659617, 1.413746],
  1],
 [[-1.410834, 6.346515, 1.396585],
  [-1.132445, 6.388251, 1.192294],
  [-1.214803, 6.659617, 1.413746],
  1],
 [[-0.994595, 6.659492, 1.109466],
  [-0.994595, 6.659492, 0.734837],
  [-1.028924, 6.930584, 0.922154],
  1],
 [[-0.994595, 6.659492, 1.109466],
  [-1.055461, 6.340802, 0.882133],
  [-0.994595, 6.659492, 0.734837],
  1],
 [[-1.055461, 6.340802, 0.882133],
  [-1.13247, 6.38812, 0.602621],
  [-0.994595, 6.659492, 0.734837],
  1],
 [[-1.313263, 6.143093, 0.692828],
  [-1.41176, 6.320225, 0.431749],
  [-1.13247, 6.38812, 0.602621],
  1],
 [[-1.313263, 6.143093, 0.692828],
  [-1.669956, 6.163939, 0.609633],
  [-1.41176, 6.320225, 0.431749],
  1],
 [[-1.669956, 6.163939, 0.609633],
  [-1.738859, 6.358848, 0.407225],
  [-1.41176, 6.320225, 0.431749],
  1],
 [[-1.669956, 6.163939, 0.609633],
  [-1.988513, 6.446466, 0.613316],
  [-1.738859, 6.358848, 0.407225],
  1],
 [[-1.669956, 6.163939, 0.609633],
  [-1.882357, 6.206311, 0.854853],
  [-1.988513, 6.446466, 0.613316],
  1],
 [[-1.882357, 6.206311, 0.854853],
  [-2.104129, 6.434981, 0.877191],
  [-1.988513, 6.446466, 0.613316],
  1],
 [[-1.882357, 6.206311, 0.854853],
  [-1.964811, 6.354979, 1.162728],
  [-2.104129, 6.434981, 0.877191],
  1],
 [[-1.882357, 6.206311, 0.854853],
  [-1.659691, 6.12219, 1.113976],
  [-1.964811, 6.354979, 1.162728],
  1],
 [[-1.659691, 6.12219, 1.113976],
  [-1.727682, 6.441878, 1.56557],
  [-1.964811, 6.354979, 1.162728],
  1],
 [[-1.055461, 6.340802, 0.882133],
  [-1.313263, 6.143093, 0.692828],
  [-1.13247, 6.38812, 0.602621],
  1],
 [[-1.055461, 6.340802, 0.882133],
  [-1.31228, 6.13637, 0.97876],
  [-1.313263, 6.143093, 0.692828],
  1],
 [[-1.31228, 6.13637, 0.97876],
  [-1.570213, 6.069786, 0.84004],
  [-1.313263, 6.143093, 0.692828],
  1],
 [[-1.659691, 6.12219, 1.113976],
  [-1.410834, 6.346515, 1.396585],
  [-1.727682, 6.441878, 1.56557],
  1],
 [[-1.659691, 6.12219, 1.113976],
  [-1.31228, 6.13637, 0.97876],
  [-1.410834, 6.346515, 1.396585],
  1],
 [[-1.31228, 6.13637, 0.97876],
  [-1.132445, 6.388251, 1.192294],
  [-1.410834, 6.346515, 1.396585],
  1],
 [[-2.781651, 5.864548, 0.54936],
  [-2.747379, 6.199783, 0.57955],
  [-2.801817, 5.961059, 0.761281],
  1],
 [[-2.918165, 6.428583, 0.702766],
  [-2.747379, 6.199783, 0.57955],
  [-2.866105, 6.393975, 0.335745],
  1],
 [[-2.781651, 5.864548, 0.54936],
  [-2.951745, 5.831921, 0.235407],
  [-2.757005, 6.146695, 0.352191],
  1],
 [[-2.918165, 6.428583, 0.702766],
  [-2.866105, 6.393975, 0.335745],
  [-3.120393, 6.56764, 0.599343],
  1],
 [[-3.083881, 6.061657, 1.133861],
  [-2.933255, 6.254328, 0.924899],
  [-3.229334, 6.243003, 1.081571],
  1],
 [[-3.153613, 5.631656, 0.615884],
  [-3.053049, 5.791651, 0.856963],
  [-3.405345, 5.733487, 0.831102],
  1],
 [[-2.951745, 5.831921, 0.235407],
  [-3.153613, 5.631656, 0.615884],
  [-3.283572, 5.742408, 0.278493],
  1],
 [[-2.866105, 6.393975, 0.335745],
  [-2.926118, 6.065992, 0.159552],
  [-3.150388, 6.296026, 0.106827],
  1],
 [[-2.918165, 6.428583, 0.702766],
  [-3.120393, 6.56764, 0.599343],
  [-3.156788, 6.473996, 0.884602],
  1],
 [[-3.153613, 5.631656, 0.615884],
  [-3.405345, 5.733487, 0.831102],
  [-3.395185, 5.649746, 0.543824],
  1],
 [[-2.951745, 5.831921, 0.235407],
  [-3.283572, 5.742408, 0.278493],
  [-3.126059, 5.972622, 0.114037],
  1],
 [[-2.866105, 6.393975, 0.335745],
  [-3.150388, 6.296026, 0.106827],
  [-3.11933, 6.512009, 0.300588],
  1],
 [[-3.423734, 6.406355, 0.929798],
  [-3.416364, 6.560038, 0.707176],
  [-3.658432, 6.377442, 0.758265],
  1],
 [[-3.577101, 5.920131, 0.918941],
  [-3.524406, 6.168592, 0.984745],
  [-3.727055, 6.080846, 0.750807],
  1],
 [[-3.350397, 6.583797, 0.44512],
  [-3.414325, 6.454639, 0.22974],
  [-3.600189, 6.479771, 0.479877],
  1],
 [[-3.600189, 6.479771, 0.479877],
  [-3.633744, 6.257707, 0.304427],
  [-3.739214, 6.260208, 0.54332],
  1],
 [[-3.600189, 6.479771, 0.479877],
  [-3.414325, 6.454639, 0.22974],
  [-3.633744, 6.257707, 0.304427],
  1],
 [[-3.414325, 6.454639, 0.22974],
  [-3.422512, 6.186067, 0.149884],
  [-3.633744, 6.257707, 0.304427],
  1],
 [[-3.633744, 6.257707, 0.304427],
  [-3.697982, 5.84259, 0.495034],
  [-3.739214, 6.260208, 0.54332],
  1],
 [[-3.633744, 6.257707, 0.304427],
  [-3.422512, 6.186067, 0.149884],
  [-3.697982, 5.84259, 0.495034],
  1],
 [[-3.697982, 5.84259, 0.495034],
  [-3.727055, 6.080846, 0.750807],
  [-3.739214, 6.260208, 0.54332],
  1],
 [[-3.697982, 5.84259, 0.495034],
  [-3.713369, 5.824683, 0.664692],
  [-3.727055, 6.080846, 0.750807],
  1],
 [[-3.713369, 5.824683, 0.664692],
  [-3.577101, 5.920131, 0.918941],
  [-3.727055, 6.080846, 0.750807],
  1],
 [[-3.727055, 6.080846, 0.750807],
  [-3.658432, 6.377442, 0.758265],
  [-3.739214, 6.260208, 0.54332],
  1],
 [[-3.727055, 6.080846, 0.750807],
  [-3.524406, 6.168592, 0.984745],
  [-3.658432, 6.377442, 0.758265],
  1],
 [[-3.524406, 6.168592, 0.984745],
  [-3.423734, 6.406355, 0.929798],
  [-3.658432, 6.377442, 0.758265],
  1],
 [[-3.658432, 6.377442, 0.758265],
  [-3.600189, 6.479771, 0.479877],
  [-3.739214, 6.260208, 0.54332],
  1],
 [[-3.658432, 6.377442, 0.758265],
  [-3.416364, 6.560038, 0.707176],
  [-3.600189, 6.479771, 0.479877],
  1],
 [[-3.416364, 6.560038, 0.707176],
  [-3.350397, 6.583797, 0.44512],
  [-3.600189, 6.479771, 0.479877],
  1],
 [[-3.11933, 6.512009, 0.300588],
  [-3.414325, 6.454639, 0.22974],
  [-3.350397, 6.583797, 0.44512],
  1],
 [[-3.11933, 6.512009, 0.300588],
  [-3.150388, 6.296026, 0.106827],
  [-3.414325, 6.454639, 0.22974],
  1],
 [[-3.150388, 6.296026, 0.106827],
  [-3.422512, 6.186067, 0.149884],
  [-3.414325, 6.454639, 0.22974],
  1],
 [[-3.126059, 5.972622, 0.114037],
  [-3.283572, 5.742408, 0.278493],
  [-3.422512, 6.186067, 0.149884],
  1],
 [[-3.283572, 5.742408, 0.278493],
  [-3.697982, 5.84259, 0.495034],
  [-3.422512, 6.186067, 0.149884],
  1],
 [[-3.395185, 5.649746, 0.543824],
  [-3.713369, 5.824683, 0.664692],
  [-3.697982, 5.84259, 0.495034],
  1],
 [[-3.395185, 5.649746, 0.543824],
  [-3.405345, 5.733487, 0.831102],
  [-3.713369, 5.824683, 0.664692],
  1],
 [[-3.405345, 5.733487, 0.831102],
  [-3.577101, 5.920131, 0.918941],
  [-3.713369, 5.824683, 0.664692],
  1],
 [[-3.083881, 6.061657, 1.133861],
  [-3.524406, 6.168592, 0.984745],
  [-3.577101, 5.920131, 0.918941],
  1],
 [[-3.083881, 6.061657, 1.133861],
  [-3.229334, 6.243003, 1.081571],
  [-3.524406, 6.168592, 0.984745],
  1],
 [[-3.229334, 6.243003, 1.081571],
  [-3.423734, 6.406355, 0.929798],
  [-3.524406, 6.168592, 0.984745],
  1],
 [[-3.156788, 6.473996, 0.884602],
  [-3.416364, 6.560038, 0.707176],
  [-3.423734, 6.406355, 0.929798],
  1],
 [[-3.156788, 6.473996, 0.884602],
  [-3.120393, 6.56764, 0.599343],
  [-3.416364, 6.560038, 0.707176],
  1],
 [[-3.120393, 6.56764, 0.599343],
  [-3.350397, 6.583797, 0.44512],
  [-3.416364, 6.560038, 0.707176],
  1],
 [[-3.150388, 6.296026, 0.106827],
  [-3.126059, 5.972622, 0.114037],
  [-3.422512, 6.186067, 0.149884],
  1],
 [[-3.150388, 6.296026, 0.106827],
  [-2.926118, 6.065992, 0.159552],
  [-3.126059, 5.972622, 0.114037],
  1],
 [[-2.926118, 6.065992, 0.159552],
  [-2.951745, 5.831921, 0.235407],
  [-3.126059, 5.972622, 0.114037],
  1],
 [[-3.283572, 5.742408, 0.278493],
  [-3.395185, 5.649746, 0.543824],
  [-3.697982, 5.84259, 0.495034],
  1],
 [[-3.283572, 5.742408, 0.278493],
  [-3.153613, 5.631656, 0.615884],
  [-3.395185, 5.649746, 0.543824],
  1],
 [[-3.405345, 5.733487, 0.831102],
  [-3.083881, 6.061657, 1.133861],
  [-3.577101, 5.920131, 0.918941],
  1],
 [[-3.405345, 5.733487, 0.831102],
  [-3.053049, 5.791651, 0.856963],
  [-3.083881, 6.061657, 1.133861],
  1],
 [[-3.229334, 6.243003, 1.081571],
  [-3.156788, 6.473996, 0.884602],
  [-3.423734, 6.406355, 0.929798],
  1],
 [[-3.229334, 6.243003, 1.081571],
  [-2.933255, 6.254328, 0.924899],
  [-3.156788, 6.473996, 0.884602],
  1],
 [[-2.933255, 6.254328, 0.924899],
  [-2.918165, 6.428583, 0.702766],
  [-3.156788, 6.473996, 0.884602],
  1],
 [[-3.120393, 6.56764, 0.599343],
  [-3.11933, 6.512009, 0.300588],
  [-3.350397, 6.583797, 0.44512],
  1],
 [[-3.120393, 6.56764, 0.599343],
  [-2.866105, 6.393975, 0.335745],
  [-3.11933, 6.512009, 0.300588],
  1],
 [[-2.757005, 6.146695, 0.352191],
  [-2.926118, 6.065992, 0.159552],
  [-2.866105, 6.393975, 0.335745],
  1],
 [[-2.757005, 6.146695, 0.352191],
  [-2.951745, 5.831921, 0.235407],
  [-2.926118, 6.065992, 0.159552],
  1],
 [[-2.951745, 5.831921, 0.235407],
  [-2.781651, 5.864548, 0.54936],
  [-3.153613, 5.631656, 0.615884],
  1],
 [[-2.781651, 5.864548, 0.54936],
  [-3.053049, 5.791651, 0.856963],
  [-3.153613, 5.631656, 0.615884],
  1],
 [[-2.781651, 5.864548, 0.54936],
  [-2.801817, 5.961059, 0.761281],
  [-3.053049, 5.791651, 0.856963],
  1],
 [[-2.801817, 5.961059, 0.761281],
  [-3.083881, 6.061657, 1.133861],
  [-3.053049, 5.791651, 0.856963],
  1],
 [[-2.866105, 6.393975, 0.335745],
  [-2.747379, 6.199783, 0.57955],
  [-2.757005, 6.146695, 0.352191],
  1],
 [[-2.747379, 6.199783, 0.57955],
  [-2.781651, 5.864548, 0.54936],
  [-2.757005, 6.146695, 0.352191],
  1],
 [[-2.801817, 5.961059, 0.761281],
  [-2.933255, 6.254328, 0.924899],
  [-3.083881, 6.061657, 1.133861],
  1],
 [[-2.801817, 5.961059, 0.761281],
  [-2.747379, 6.199783, 0.57955],
  [-2.933255, 6.254328, 0.924899],
  1],
 [[-2.747379, 6.199783, 0.57955],
  [-2.918165, 6.428583, 0.702766],
  [-2.933255, 6.254328, 0.924899],
  1],
 [[-2.899569, 6.277802, 2.103306],
  [-2.797051, 6.114725, 2.477553],
  [-2.661678, 6.555445, 2.187789],
  1],
 [[-2.418203, 6.020822, 2.791219],
  [-2.797051, 6.114725, 2.477553],
  [-2.668461, 5.642591, 2.666853],
  1],
 [[-2.899569, 6.277802, 2.103306],
  [-2.661678, 6.555445, 2.187789],
  [-2.664769, 6.466588, 1.747504],
  1],
 [[-2.899569, 6.277802, 2.103306],
  [-2.664769, 6.466588, 1.747504],
  [-2.900674, 6.104038, 1.818308],
  1],
 [[-2.899569, 6.277802, 2.103306],
  [-2.900674, 6.104038, 1.818308],
  [-2.953393, 5.883859, 2.275835],
  1],
 [[-2.418203, 6.020822, 2.791219],
  [-2.668461, 5.642591, 2.666853],
  [-2.17816, 5.663881, 2.848531],
  1],
 [[-2.013737, 6.836743, 2.382702],
  [-2.290069, 6.431158, 2.630288],
  [-1.779516, 6.552083, 2.525835],
  1],
 [[-2.337216, 6.52945, 1.484479],
  [-2.29632, 6.719568, 1.849983],
  [-1.843725, 6.583681, 1.558785],
  1],
 [[-2.774472, 5.967247, 1.573],
  [-2.500211, 6.191871, 1.427107],
  [-2.389151, 5.899717, 1.351615],
  1],
 [[-2.757413, 5.504717, 2.379408],
  [-2.875389, 5.647138, 1.959152],
  [-2.541947, 5.311482, 2.133033],
  1],
 [[-2.418203, 6.020822, 2.791219],
  [-2.17816, 5.663881, 2.848531],
  [-1.95602, 6.019095, 2.816225],
  1],
 [[-2.013737, 6.836743, 2.382702],
  [-1.779516, 6.552083, 2.525835],
  [-1.776719, 6.732229, 2.036884],
  1],
 [[-2.337216, 6.52945, 1.484479],
  [-1.843725, 6.583681, 1.558785],
  [-2.076475, 6.265644, 1.296632],
  1],
 [[-2.774472, 5.967247, 1.573],
  [-2.389151, 5.899717, 1.351615],
  [-2.657897, 5.584188, 1.681973],
  1],
 [[-2.757413, 5.504717, 2.379408],
  [-2.541947, 5.311482, 2.133033],
  [-2.393573, 5.369361, 2.586907],
  1],
 [[-1.584781, 6.152661, 2.585513],
  [-1.704972, 5.748643, 2.707513],
  [-1.406639, 5.92836, 2.325607],
  1],
 [[-1.499766, 6.494464, 1.779634],
  [-1.46927, 6.41068, 2.203246],
  [-1.37341, 6.10077, 1.845929],
  1],
 [[-1.866812, 5.925838, 1.333027],
  [-1.506773, 6.162901, 1.438135],
  [-1.585429, 5.783509, 1.592312],
  1],
 [[-2.210494, 5.33572, 1.881427],
  [-2.094698, 5.639651, 1.548132],
  [-1.756815, 5.423967, 1.910974],
  1],
 [[-1.961596, 5.432562, 2.641501],
  [-2.053523, 5.256141, 2.284189],
  [-1.627949, 5.495683, 2.35873],
  1],
 [[-1.627949, 5.495683, 2.35873],
  [-1.756815, 5.423967, 1.910974],
  [-1.454041, 5.696665, 1.991771],
  1],
 [[-1.627949, 5.495683, 2.35873],
  [-2.053523, 5.256141, 2.284189],
  [-1.756815, 5.423967, 1.910974],
  1],
 [[-2.053523, 5.256141, 2.284189],
  [-2.210494, 5.33572, 1.881427],
  [-1.756815, 5.423967, 1.910974],
  1],
 [[-1.756815, 5.423967, 1.910974],
  [-1.585429, 5.783509, 1.592312],
  [-1.454041, 5.696665, 1.991771],
  1],
 [[-1.756815, 5.423967, 1.910974],
  [-2.094698, 5.639651, 1.548132],
  [-1.585429, 5.783509, 1.592312],
  1],
 [[-2.094698, 5.639651, 1.548132],
  [-1.866812, 5.925838, 1.333027],
  [-1.585429, 5.783509, 1.592312],
  1],
 [[-1.585429, 5.783509, 1.592312],
  [-1.37341, 6.10077, 1.845929],
  [-1.454041, 5.696665, 1.991771],
  1],
 [[-1.585429, 5.783509, 1.592312],
  [-1.506773, 6.162901, 1.438135],
  [-1.37341, 6.10077, 1.845929],
  1],
 [[-1.506773, 6.162901, 1.438135],
  [-1.499766, 6.494464, 1.779634],
  [-1.37341, 6.10077, 1.845929],
  1],
 [[-1.37341, 6.10077, 1.845929],
  [-1.406639, 5.92836, 2.325607],
  [-1.454041, 5.696665, 1.991771],
  1],
 [[-1.37341, 6.10077, 1.845929],
  [-1.46927, 6.41068, 2.203246],
  [-1.406639, 5.92836, 2.325607],
  1],
 [[-1.46927, 6.41068, 2.203246],
  [-1.584781, 6.152661, 2.585513],
  [-1.406639, 5.92836, 2.325607],
  1],
 [[-1.406639, 5.92836, 2.325607],
  [-1.627949, 5.495683, 2.35873],
  [-1.454041, 5.696665, 1.991771],
  1],
 [[-1.406639, 5.92836, 2.325607],
  [-1.704972, 5.748643, 2.707513],
  [-1.627949, 5.495683, 2.35873],
  1],
 [[-1.704972, 5.748643, 2.707513],
  [-1.961596, 5.432562, 2.641501],
  [-1.627949, 5.495683, 2.35873],
  1],
 [[-2.393573, 5.369361, 2.586907],
  [-2.053523, 5.256141, 2.284189],
  [-1.961596, 5.432562, 2.641501],
  1],
 [[-2.393573, 5.369361, 2.586907],
  [-2.541947, 5.311482, 2.133033],
  [-2.053523, 5.256141, 2.284189],
  1],
 [[-2.541947, 5.311482, 2.133033],
  [-2.210494, 5.33572, 1.881427],
  [-2.053523, 5.256141, 2.284189],
  1],
 [[-2.657897, 5.584188, 1.681973],
  [-2.094698, 5.639651, 1.548132],
  [-2.210494, 5.33572, 1.881427],
  1],
 [[-2.657897, 5.584188, 1.681973],
  [-2.389151, 5.899717, 1.351615],
  [-2.094698, 5.639651, 1.548132],
  1],
 [[-2.389151, 5.899717, 1.351615],
  [-1.866812, 5.925838, 1.333027],
  [-2.094698, 5.639651, 1.548132],
  1],
 [[-2.076475, 6.265644, 1.296632],
  [-1.506773, 6.162901, 1.438135],
  [-1.866812, 5.925838, 1.333027],
  1],
 [[-2.076475, 6.265644, 1.296632],
  [-1.843725, 6.583681, 1.558785],
  [-1.506773, 6.162901, 1.438135],
  1],
 [[-1.843725, 6.583681, 1.558785],
  [-1.499766, 6.494464, 1.779634],
  [-1.506773, 6.162901, 1.438135],
  1],
 [[-1.776719, 6.732229, 2.036884],
  [-1.46927, 6.41068, 2.203246],
  [-1.499766, 6.494464, 1.779634],
  1],
 [[-1.776719, 6.732229, 2.036884],
  [-1.779516, 6.552083, 2.525835],
  [-1.46927, 6.41068, 2.203246],
  1],
 [[-1.779516, 6.552083, 2.525835],
  [-1.584781, 6.152661, 2.585513],
  [-1.46927, 6.41068, 2.203246],
  1],
 [[-1.95602, 6.019095, 2.816225],
  [-1.704972, 5.748643, 2.707513],
  [-1.584781, 6.152661, 2.585513],
  1],
 [[-1.95602, 6.019095, 2.816225],
  [-2.17816, 5.663881, 2.848531],
  [-1.704972, 5.748643, 2.707513],
  1],
 [[-2.17816, 5.663881, 2.848531],
  [-1.961596, 5.432562, 2.641501],
  [-1.704972, 5.748643, 2.707513],
  1],
 [[-2.541947, 5.311482, 2.133033],
  [-2.657897, 5.584188, 1.681973],
  [-2.210494, 5.33572, 1.881427],
  1],
 [[-2.541947, 5.311482, 2.133033],
  [-2.875389, 5.647138, 1.959152],
  [-2.657897, 5.584188, 1.681973],
  1],
 [[-2.875389, 5.647138, 1.959152],
  [-2.774472, 5.967247, 1.573],
  [-2.657897, 5.584188, 1.681973],
  1],
 [[-2.389151, 5.899717, 1.351615],
  [-2.076475, 6.265644, 1.296632],
  [-1.866812, 5.925838, 1.333027],
  1],
 [[-2.389151, 5.899717, 1.351615],
  [-2.500211, 6.191871, 1.427107],
  [-2.076475, 6.265644, 1.296632],
  1],
 [[-2.500211, 6.191871, 1.427107],
  [-2.337216, 6.52945, 1.484479],
  [-2.076475, 6.265644, 1.296632],
  1],
 [[-1.843725, 6.583681, 1.558785],
  [-1.776719, 6.732229, 2.036884],
  [-1.499766, 6.494464, 1.779634],
  1],
 [[-1.843725, 6.583681, 1.558785],
  [-2.29632, 6.719568, 1.849983],
  [-1.776719, 6.732229, 2.036884],
  1],
 [[-2.29632, 6.719568, 1.849983],
  [-2.013737, 6.836743, 2.382702],
  [-1.776719, 6.732229, 2.036884],
  1],
 [[-1.779516, 6.552083, 2.525835],
  [-1.95602, 6.019095, 2.816225],
  [-1.584781, 6.152661, 2.585513],
  1],
 [[-1.779516, 6.552083, 2.525835],
  [-2.290069, 6.431158, 2.630288],
  [-1.95602, 6.019095, 2.816225],
  1],
 [[-2.290069, 6.431158, 2.630288],
  [-2.418203, 6.020822, 2.791219],
  [-1.95602, 6.019095, 2.816225],
  1],
 [[-2.17816, 5.663881, 2.848531],
  [-2.393573, 5.369361, 2.586907],
  [-1.961596, 5.432562, 2.641501],
  1],
 [[-2.17816, 5.663881, 2.848531],
  [-2.668461, 5.642591, 2.666853],
  [-2.393573, 5.369361, 2.586907],
  1],
 [[-2.668461, 5.642591, 2.666853],
  [-2.757413, 5.504717, 2.379408],
  [-2.393573, 5.369361, 2.586907],
  1],
 [[-2.953393, 5.883859, 2.275835],
  [-2.875389, 5.647138, 1.959152],
  [-2.757413, 5.504717, 2.379408],
  1],
 [[-2.953393, 5.883859, 2.275835],
  [-2.900674, 6.104038, 1.818308],
  [-2.875389, 5.647138, 1.959152],
  1],
 [[-2.900674, 6.104038, 1.818308],
  [-2.774472, 5.967247, 1.573],
  [-2.875389, 5.647138, 1.959152],
  1],
 [[-2.900674, 6.104038, 1.818308],
  [-2.500211, 6.191871, 1.427107],
  [-2.774472, 5.967247, 1.573],
  1],
 [[-2.900674, 6.104038, 1.818308],
  [-2.664769, 6.466588, 1.747504],
  [-2.500211, 6.191871, 1.427107],
  1],
 [[-2.664769, 6.466588, 1.747504],
  [-2.337216, 6.52945, 1.484479],
  [-2.500211, 6.191871, 1.427107],
  1],
 [[-2.664769, 6.466588, 1.747504],
  [-2.29632, 6.719568, 1.849983],
  [-2.337216, 6.52945, 1.484479],
  1],
 [[-2.664769, 6.466588, 1.747504],
  [-2.661678, 6.555445, 2.187789],
  [-2.29632, 6.719568, 1.849983],
  1],
 [[-2.661678, 6.555445, 2.187789],
  [-2.013737, 6.836743, 2.382702],
  [-2.29632, 6.719568, 1.849983],
  1],
 [[-2.668461, 5.642591, 2.666853],
  [-2.953393, 5.883859, 2.275835],
  [-2.757413, 5.504717, 2.379408],
  1],
 [[-2.668461, 5.642591, 2.666853],
  [-2.797051, 6.114725, 2.477553],
  [-2.953393, 5.883859, 2.275835],
  1],
 [[-2.797051, 6.114725, 2.477553],
  [-2.899569, 6.277802, 2.103306],
  [-2.953393, 5.883859, 2.275835],
  1],
 [[-2.661678, 6.555445, 2.187789],
  [-2.290069, 6.431158, 2.630288],
  [-2.013737, 6.836743, 2.382702],
  1],
 [[-2.661678, 6.555445, 2.187789],
  [-2.797051, 6.114725, 2.477553],
  [-2.290069, 6.431158, 2.630288],
  1],
 [[-2.797051, 6.114725, 2.477553],
  [-2.418203, 6.020822, 2.791219],
  [-2.290069, 6.431158, 2.630288],
  1],
 [[0.520774, 7.028075, 0.195324],
  [0.395047, 6.547581, 0.311032],
  [0.770104, 7.030056, 0.796083],
  1],
 [[0.539649, 5.843854, 0.55279],
  [0.395047, 6.547581, 0.311032],
  [0.288111, 5.987199, -0.120366],
  1],
 [[0.520774, 7.028075, 0.195324],
  [0.770104, 7.030056, 0.796083],
  [0.80026, 7.39118, 0.423047],
  1],
 [[0.520774, 7.028075, 0.195324],
  [0.80026, 7.39118, 0.423047],
  [0.746376, 7.304603, -0.286684],
  1],
 [[0.520774, 7.028075, 0.195324],
  [0.746376, 7.304603, -0.286684],
  [0.259671, 6.775095, -0.284959],
  1],
 [[0.539649, 5.843854, 0.55279],
  [0.288111, 5.987199, -0.120366],
  [0.753716, 5.325963, 0.172608],
  1],
 [[1.527181, 6.347487, 1.589328],
  [0.939727, 6.256361, 1.147113],
  [1.568468, 5.98113, 1.440713],
  1],
 [[1.796246, 7.453069, 0.371848],
  [1.543549, 7.375244, 0.934614],
  [2.269531, 6.983109, 0.716714],
  1],
 [[0.977694, 7.554075, -0.731296],
  [1.691578, 7.517522, -0.26758],
  [2.109146, 7.25726, -0.785445],
  1],
 [[0.419229, 6.264489, -0.697105],
  [0.795802, 6.846135, -0.923008],
  [0.942468, 6.213088, -1.146248],
  1],
 [[0.539649, 5.843854, 0.55279],
  [0.753716, 5.325963, 0.172608],
  [1.111744, 5.486449, 0.931122],
  1],
 [[1.527181, 6.347487, 1.589328],
  [1.568468, 5.98113, 1.440713],
  [1.986867, 6.53013, 1.281371],
  1],
 [[1.796246, 7.453069, 0.371848],
  [2.269531, 6.983109, 0.716714],
  [2.300735, 7.367146, -0.057536],
  1],
 [[0.977694, 7.554075, -0.731296],
  [2.109146, 7.25726, -0.785445],
  [1.416995, 6.908128, -1.154469],
  1],
 [[0.419229, 6.264489, -0.697105],
  [0.942468, 6.213088, -1.146248],
  [0.707, 5.594335, -0.624231],
  1],
 [[1.801452, 5.43636, 0.94418],
  [1.535802, 5.102865, 0.337382],
  [2.305467, 5.388189, 0.399762],
  1],
 [[2.314652, 6.595276, 0.9206],
  [2.212394, 5.948927, 1.064662],
  [2.650632, 6.028309, 0.34035],
  1],
 [[2.400333, 7.051387, -0.437337],
  [2.6022, 6.637392, 0.128056],
  [2.622685, 6.312017, -0.414323],
  1],
 [[1.679292, 6.204819, -1.179473],
  [2.538271, 6.415062, -1.00373],
  [2.245932, 5.830776, -0.846021],
  1],
 [[1.247546, 5.169463, -0.34698],
  [1.47584, 5.537548, -0.95322],
  [1.989812, 5.232935, -0.359147],
  1],
 [[1.989812, 5.232935, -0.359147],
  [2.245932, 5.830776, -0.846021],
  [2.541074, 5.651713, -0.239836],
  1],
 [[1.989812, 5.232935, -0.359147],
  [1.47584, 5.537548, -0.95322],
  [2.245932, 5.830776, -0.846021],
  1],
 [[1.47584, 5.537548, -0.95322],
  [1.679292, 6.204819, -1.179473],
  [2.245932, 5.830776, -0.846021],
  1],
 [[2.245932, 5.830776, -0.846021],
  [2.622685, 6.312017, -0.414323],
  [2.541074, 5.651713, -0.239836],
  1],
 [[2.245932, 5.830776, -0.846021],
  [2.538271, 6.415062, -1.00373],
  [2.622685, 6.312017, -0.414323],
  1],
 [[2.538271, 6.415062, -1.00373],
  [2.400333, 7.051387, -0.437337],
  [2.622685, 6.312017, -0.414323],
  1],
 [[2.622685, 6.312017, -0.414323],
  [2.650632, 6.028309, 0.34035],
  [2.541074, 5.651713, -0.239836],
  1],
 [[2.622685, 6.312017, -0.414323],
  [2.6022, 6.637392, 0.128056],
  [2.650632, 6.028309, 0.34035],
  1],
 [[2.6022, 6.637392, 0.128056],
  [2.314652, 6.595276, 0.9206],
  [2.650632, 6.028309, 0.34035],
  1],
 [[2.650632, 6.028309, 0.34035],
  [2.305467, 5.388189, 0.399762],
  [2.541074, 5.651713, -0.239836],
  1],
 [[2.650632, 6.028309, 0.34035],
  [2.212394, 5.948927, 1.064662],
  [2.305467, 5.388189, 0.399762],
  1],
 [[2.212394, 5.948927, 1.064662],
  [1.801452, 5.43636, 0.94418],
  [2.305467, 5.388189, 0.399762],
  1],
 [[2.305467, 5.388189, 0.399762],
  [1.989812, 5.232935, -0.359147],
  [2.541074, 5.651713, -0.239836],
  1],
 [[2.305467, 5.388189, 0.399762],
  [1.535802, 5.102865, 0.337382],
  [1.989812, 5.232935, -0.359147],
  1],
 [[1.535802, 5.102865, 0.337382],
  [1.247546, 5.169463, -0.34698],
  [1.989812, 5.232935, -0.359147],
  1],
 [[0.707, 5.594335, -0.624231],
  [1.47584, 5.537548, -0.95322],
  [1.247546, 5.169463, -0.34698],
  1],
 [[0.707, 5.594335, -0.624231],
  [0.942468, 6.213088, -1.146248],
  [1.47584, 5.537548, -0.95322],
  1],
 [[0.942468, 6.213088, -1.146248],
  [1.679292, 6.204819, -1.179473],
  [1.47584, 5.537548, -0.95322],
  1],
 [[1.416995, 6.908128, -1.154469],
  [2.538271, 6.415062, -1.00373],
  [1.679292, 6.204819, -1.179473],
  1],
 [[1.416995, 6.908128, -1.154469],
  [2.109146, 7.25726, -0.785445],
  [2.538271, 6.415062, -1.00373],
  1],
 [[2.109146, 7.25726, -0.785445],
  [2.400333, 7.051387, -0.437337],
  [2.538271, 6.415062, -1.00373],
  1],
 [[2.300735, 7.367146, -0.057536],
  [2.6022, 6.637392, 0.128056],
  [2.400333, 7.051387, -0.437337],
  1],
 [[2.300735, 7.367146, -0.057536],
  [2.269531, 6.983109, 0.716714],
  [2.6022, 6.637392, 0.128056],
  1],
 [[2.269531, 6.983109, 0.716714],
  [2.314652, 6.595276, 0.9206],
  [2.6022, 6.637392, 0.128056],
  1],
 [[1.986867, 6.53013, 1.281371],
  [2.212394, 5.948927, 1.064662],
  [2.314652, 6.595276, 0.9206],
  1],
 [[1.986867, 6.53013, 1.281371],
  [1.568468, 5.98113, 1.440713],
  [2.212394, 5.948927, 1.064662],
  1],
 [[1.568468, 5.98113, 1.440713],
  [1.801452, 5.43636, 0.94418],
  [2.212394, 5.948927, 1.064662],
  1],
 [[1.111744, 5.486449, 0.931122],
  [1.535802, 5.102865, 0.337382],
  [1.801452, 5.43636, 0.94418],
  1],
 [[1.111744, 5.486449, 0.931122],
  [0.753716, 5.325963, 0.172608],
  [1.535802, 5.102865, 0.337382],
  1],
 [[0.753716, 5.325963, 0.172608],
  [1.247546, 5.169463, -0.34698],
  [1.535802, 5.102865, 0.337382],
  1],
 [[0.942468, 6.213088, -1.146248],
  [1.416995, 6.908128, -1.154469],
  [1.679292, 6.204819, -1.179473],
  1],
 [[0.942468, 6.213088, -1.146248],
  [0.795802, 6.846135, -0.923008],
  [1.416995, 6.908128, -1.154469],
  1],
 [[0.795802, 6.846135, -0.923008],
  [0.977694, 7.554075, -0.731296],
  [1.416995, 6.908128, -1.154469],
  1],
 [[2.109146, 7.25726, -0.785445],
  [2.300735, 7.367146, -0.057536],
  [2.400333, 7.051387, -0.437337],
  1],
 [[2.109146, 7.25726, -0.785445],
  [1.691578, 7.517522, -0.26758],
  [2.300735, 7.367146, -0.057536],
  1],
 [[1.691578, 7.517522, -0.26758],
  [1.796246, 7.453069, 0.371848],
  [2.300735, 7.367146, -0.057536],
  1],
 [[2.269531, 6.983109, 0.716714],
  [1.986867, 6.53013, 1.281371],
  [2.314652, 6.595276, 0.9206],
  1],
 [[2.269531, 6.983109, 0.716714],
  [1.543549, 7.375244, 0.934614],
  [1.986867, 6.53013, 1.281371],
  1],
 [[1.543549, 7.375244, 0.934614],
  [1.527181, 6.347487, 1.589328],
  [1.986867, 6.53013, 1.281371],
  1],
 [[1.568468, 5.98113, 1.440713],
  [1.111744, 5.486449, 0.931122],
  [1.801452, 5.43636, 0.94418],
  1],
 [[1.568468, 5.98113, 1.440713],
  [0.939727, 6.256361, 1.147113],
  [1.111744, 5.486449, 0.931122],
  1],
 [[0.939727, 6.256361, 1.147113],
  [0.539649, 5.843854, 0.55279],
  [1.111744, 5.486449, 0.931122],
  1],
 [[0.753716, 5.325963, 0.172608],
  [0.707, 5.594335, -0.624231],
  [1.247546, 5.169463, -0.34698],
  1],
 [[0.753716, 5.325963, 0.172608],
  [0.288111, 5.987199, -0.120366],
  [0.707, 5.594335, -0.624231],
  1],
 [[0.288111, 5.987199, -0.120366],
  [0.419229, 6.264489, -0.697105],
  [0.707, 5.594335, -0.624231],
  1],
 [[0.259671, 6.775095, -0.284959],
  [0.795802, 6.846135, -0.923008],
  [0.419229, 6.264489, -0.697105],
  1],
 [[0.259671, 6.775095, -0.284959],
  [0.746376, 7.304603, -0.286684],
  [0.795802, 6.846135, -0.923008],
  1],
 [[0.746376, 7.304603, -0.286684],
  [0.977694, 7.554075, -0.731296],
  [0.795802, 6.846135, -0.923008],
  1],
 [[0.746376, 7.304603, -0.286684],
  [1.691578, 7.517522, -0.26758],
  [0.977694, 7.554075, -0.731296],
  1],
 [[0.746376, 7.304603, -0.286684],
  [0.80026, 7.39118, 0.423047],
  [1.691578, 7.517522, -0.26758],
  1],
 [[0.80026, 7.39118, 0.423047],
  [1.796246, 7.453069, 0.371848],
  [1.691578, 7.517522, -0.26758],
  1],
 [[0.80026, 7.39118, 0.423047],
  [1.543549, 7.375244, 0.934614],
  [1.796246, 7.453069, 0.371848],
  1],
 [[0.80026, 7.39118, 0.423047],
  [0.770104, 7.030056, 0.796083],
  [1.543549, 7.375244, 0.934614],
  1],
 [[0.770104, 7.030056, 0.796083],
  [1.527181, 6.347487, 1.589328],
  [1.543549, 7.375244, 0.934614],
  1],
 [[0.288111, 5.987199, -0.120366],
  [0.259671, 6.775095, -0.284959],
  [0.419229, 6.264489, -0.697105],
  1],
 [[0.288111, 5.987199, -0.120366],
  [0.395047, 6.547581, 0.311032],
  [0.259671, 6.775095, -0.284959],
  1],
 [[0.395047, 6.547581, 0.311032],
  [0.520774, 7.028075, 0.195324],
  [0.259671, 6.775095, -0.284959],
  1],
 [[0.770104, 7.030056, 0.796083],
  [0.939727, 6.256361, 1.147113],
  [1.527181, 6.347487, 1.589328],
  1],
 [[0.770104, 7.030056, 0.796083],
  [0.395047, 6.547581, 0.311032],
  [0.939727, 6.256361, 1.147113],
  1],
 [[0.395047, 6.547581, 0.311032],
  [0.539649, 5.843854, 0.55279],
  [0.939727, 6.256361, 1.147113],
  1],
 [[3.549592, 5.628283, 0.055577],
  [3.402625, 5.17553, 0.143764],
  [3.727922, 5.544312, 0.481508],
  1],
 [[3.558481, 4.617609, 0.309078],
  [3.402625, 5.17553, 0.143764],
  [3.401487, 4.726701, -0.170485],
  1],
 [[3.549592, 5.628283, 0.055577],
  [3.727922, 5.544312, 0.481508],
  [3.778041, 6.055264, 0.214122],
  1],
 [[3.549592, 5.628283, 0.055577],
  [3.778041, 6.055264, 0.214122],
  [3.748836, 5.780699, -0.290901],
  1],
 [[3.549592, 5.628283, 0.055577],
  [3.748836, 5.780699, -0.290901],
  [3.379318, 5.325908, -0.287044],
  1],
 [[3.558481, 4.617609, 0.309078],
  [3.401487, 4.726701, -0.170485],
  [3.75782, 4.244994, 0.034735],
  1],
 [[4.286408, 5.059849, 1.055118],
  [3.794181, 4.887231, 0.73403],
  [4.366972, 4.699063, 0.932571],
  1],
 [[4.527805, 5.924426, 0.173839],
  [4.347945, 5.656375, 0.573514],
  [4.966835, 5.568229, 0.410719],
  1],
 [[3.926981, 5.876307, -0.608317],
  [4.437055, 5.889564, -0.279114],
  [4.745669, 5.631591, -0.647908],
  1],
 [[3.516786, 4.919228, -0.582522],
  [3.794201, 5.332641, -0.74412],
  [3.902367, 4.874777, -0.903162],
  1],
 [[3.558481, 4.617609, 0.309078],
  [3.75782, 4.244994, 0.034735],
  [3.995649, 4.355153, 0.574597],
  1],
 [[4.286408, 5.059849, 1.055118],
  [4.366972, 4.699063, 0.932571],
  [4.814477, 5.108328, 0.806881],
  1],
 [[4.527805, 5.924426, 0.173839],
  [4.966835, 5.568229, 0.410719],
  [4.933801, 5.777202, -0.134624],
  1],
 [[3.926981, 5.876307, -0.608317],
  [4.745669, 5.631591, -0.647908],
  [4.239776, 5.368573, -0.909035],
  1],
 [[3.516786, 4.919228, -0.582522],
  [3.902367, 4.874777, -0.903162],
  [3.732202, 4.435951, -0.531977],
  1],
 [[4.523647, 4.321644, 0.580902],
  [4.323034, 4.085789, 0.150918],
  [4.884324, 4.289241, 0.194098],
  1],
 [[5.022936, 5.205424, 0.553353],
  [4.885333, 4.694588, 0.66072],
  [5.24284, 4.766235, 0.143416],
  1],
 [[5.023211, 5.508678, -0.405801],
  [5.395127, 5.237283, -0.021026],
  [5.213614, 4.96093, -0.39184],
  1],
 [[4.426123, 4.868827, -0.926799],
  [5.066014, 5.021095, -0.804126],
  [4.836588, 4.603865, -0.690482],
  1],
 [[4.119392, 4.133266, -0.335361],
  [4.281582, 4.39477, -0.76606],
  [4.646729, 4.17836, -0.344004],
  1],
 [[4.646729, 4.17836, -0.344004],
  [4.836588, 4.603865, -0.690482],
  [5.074311, 4.479397, -0.261888],
  1],
 [[4.646729, 4.17836, -0.344004],
  [4.281582, 4.39477, -0.76606],
  [4.836588, 4.603865, -0.690482],
  1],
 [[4.281582, 4.39477, -0.76606],
  [4.426123, 4.868827, -0.926799],
  [4.836588, 4.603865, -0.690482],
  1],
 [[4.836588, 4.603865, -0.690482],
  [5.213614, 4.96093, -0.39184],
  [5.074311, 4.479397, -0.261888],
  1],
 [[4.836588, 4.603865, -0.690482],
  [5.066014, 5.021095, -0.804126],
  [5.213614, 4.96093, -0.39184],
  1],
 [[5.066014, 5.021095, -0.804126],
  [5.023211, 5.508678, -0.405801],
  [5.213614, 4.96093, -0.39184],
  1],
 [[5.213614, 4.96093, -0.39184],
  [5.24284, 4.766235, 0.143416],
  [5.074311, 4.479397, -0.261888],
  1],
 [[5.213614, 4.96093, -0.39184],
  [5.395127, 5.237283, -0.021026],
  [5.24284, 4.766235, 0.143416],
  1],
 [[5.395127, 5.237283, -0.021026],
  [5.022936, 5.205424, 0.553353],
  [5.24284, 4.766235, 0.143416],
  1],
 [[5.24284, 4.766235, 0.143416],
  [4.884324, 4.289241, 0.194098],
  [5.074311, 4.479397, -0.261888],
  1],
 [[5.24284, 4.766235, 0.143416],
  [4.885333, 4.694588, 0.66072],
  [4.884324, 4.289241, 0.194098],
  1],
 [[4.885333, 4.694588, 0.66072],
  [4.523647, 4.321644, 0.580902],
  [4.884324, 4.289241, 0.194098],
  1],
 [[4.884324, 4.289241, 0.194098],
  [4.646729, 4.17836, -0.344004],
  [5.074311, 4.479397, -0.261888],
  1],
 [[4.884324, 4.289241, 0.194098],
  [4.323034, 4.085789, 0.150918],
  [4.646729, 4.17836, -0.344004],
  1],
 [[4.323034, 4.085789, 0.150918],
  [4.119392, 4.133266, -0.335361],
  [4.646729, 4.17836, -0.344004],
  1],
 [[3.732202, 4.435951, -0.531977],
  [4.281582, 4.39477, -0.76606],
  [4.119392, 4.133266, -0.335361],
  1],
 [[3.732202, 4.435951, -0.531977],
  [3.902367, 4.874777, -0.903162],
  [4.281582, 4.39477, -0.76606],
  1],
 [[3.902367, 4.874777, -0.903162],
  [4.426123, 4.868827, -0.926799],
  [4.281582, 4.39477, -0.76606],
  1],
 [[4.239776, 5.368573, -0.909035],
  [5.066014, 5.021095, -0.804126],
  [4.426123, 4.868827, -0.926799],
  1],
 [[4.239776, 5.368573, -0.909035],
  [4.745669, 5.631591, -0.647908],
  [5.066014, 5.021095, -0.804126],
  1],
 [[4.745669, 5.631591, -0.647908],
  [5.023211, 5.508678, -0.405801],
  [5.066014, 5.021095, -0.804126],
  1],
 [[4.933801, 5.777202, -0.134624],
  [5.395127, 5.237283, -0.021026],
  [5.023211, 5.508678, -0.405801],
  1],
 [[4.933801, 5.777202, -0.134624],
  [4.966835, 5.568229, 0.410719],
  [5.395127, 5.237283, -0.021026],
  1],
 [[4.966835, 5.568229, 0.410719],
  [5.022936, 5.205424, 0.553353],
  [5.395127, 5.237283, -0.021026],
  1],
 [[4.814477, 5.108328, 0.806881],
  [4.885333, 4.694588, 0.66072],
  [5.022936, 5.205424, 0.553353],
  1],
 [[4.814477, 5.108328, 0.806881],
  [4.366972, 4.699063, 0.932571],
  [4.885333, 4.694588, 0.66072],
  1],
 [[4.366972, 4.699063, 0.932571],
  [4.523647, 4.321644, 0.580902],
  [4.885333, 4.694588, 0.66072],
  1],
 [[3.995649, 4.355153, 0.574597],
  [4.323034, 4.085789, 0.150918],
  [4.523647, 4.321644, 0.580902],
  1],
 [[3.995649, 4.355153, 0.574597],
  [3.75782, 4.244994, 0.034735],
  [4.323034, 4.085789, 0.150918],
  1],
 [[3.75782, 4.244994, 0.034735],
  [4.119392, 4.133266, -0.335361],
  [4.323034, 4.085789, 0.150918],
  1],
 [[3.902367, 4.874777, -0.903162],
  [4.239776, 5.368573, -0.909035],
  [4.426123, 4.868827, -0.926799],
  1],
 [[3.902367, 4.874777, -0.903162],
  [3.794201, 5.332641, -0.74412],
  [4.239776, 5.368573, -0.909035],
  1],
 [[3.794201, 5.332641, -0.74412],
  [3.926981, 5.876307, -0.608317],
  [4.239776, 5.368573, -0.909035],
  1],
 [[4.745669, 5.631591, -0.647908],
  [4.933801, 5.777202, -0.134624],
  [5.023211, 5.508678, -0.405801],
  1],
 [[4.745669, 5.631591, -0.647908],
  [4.437055, 5.889564, -0.279114],
  [4.933801, 5.777202, -0.134624],
  1],
 [[4.437055, 5.889564, -0.279114],
  [4.527805, 5.924426, 0.173839],
  [4.933801, 5.777202, -0.134624],
  1],
 [[4.966835, 5.568229, 0.410719],
  [4.814477, 5.108328, 0.806881],
  [5.022936, 5.205424, 0.553353],
  1],
 [[4.966835, 5.568229, 0.410719],
  [4.347945, 5.656375, 0.573514],
  [4.814477, 5.108328, 0.806881],
  1],
 [[4.347945, 5.656375, 0.573514],
  [4.286408, 5.059849, 1.055118],
  [4.814477, 5.108328, 0.806881],
  1],
 [[4.366972, 4.699063, 0.932571],
  [3.995649, 4.355153, 0.574597],
  [4.523647, 4.321644, 0.580902],
  1],
 [[4.366972, 4.699063, 0.932571],
  [3.794181, 4.887231, 0.73403],
  [3.995649, 4.355153, 0.574597],
  1],
 [[3.794181, 4.887231, 0.73403],
  [3.558481, 4.617609, 0.309078],
  [3.995649, 4.355153, 0.574597],
  1],
 [[3.75782, 4.244994, 0.034735],
  [3.732202, 4.435951, -0.531977],
  [4.119392, 4.133266, -0.335361],
  1],
 [[3.75782, 4.244994, 0.034735],
  [3.401487, 4.726701, -0.170485],
  [3.732202, 4.435951, -0.531977],
  1],
 [[3.401487, 4.726701, -0.170485],
  [3.516786, 4.919228, -0.582522],
  [3.732202, 4.435951, -0.531977],
  1],
 [[3.379318, 5.325908, -0.287044],
  [3.794201, 5.332641, -0.74412],
  [3.516786, 4.919228, -0.582522],
  1],
 [[3.379318, 5.325908, -0.287044],
  [3.748836, 5.780699, -0.290901],
  [3.794201, 5.332641, -0.74412],
  1],
 [[3.748836, 5.780699, -0.290901],
  [3.926981, 5.876307, -0.608317],
  [3.794201, 5.332641, -0.74412],
  1],
 [[3.748836, 5.780699, -0.290901],
  [4.437055, 5.889564, -0.279114],
  [3.926981, 5.876307, -0.608317],
  1],
 [[3.748836, 5.780699, -0.290901],
  [3.778041, 6.055264, 0.214122],
  [4.437055, 5.889564, -0.279114],
  1],
 [[3.778041, 6.055264, 0.214122],
  [4.527805, 5.924426, 0.173839],
  [4.437055, 5.889564, -0.279114],
  1],
 [[3.778041, 6.055264, 0.214122],
  [4.347945, 5.656375, 0.573514],
  [4.527805, 5.924426, 0.173839],
  1],
 [[3.778041, 6.055264, 0.214122],
  [3.727922, 5.544312, 0.481508],
  [4.347945, 5.656375, 0.573514],
  1],
 [[3.727922, 5.544312, 0.481508],
  [4.286408, 5.059849, 1.055118],
  [4.347945, 5.656375, 0.573514],
  1],
 [[3.401487, 4.726701, -0.170485],
  [3.379318, 5.325908, -0.287044],
  [3.516786, 4.919228, -0.582522],
  1],
 [[3.401487, 4.726701, -0.170485],
  [3.402625, 5.17553, 0.143764],
  [3.379318, 5.325908, -0.287044],
  1],
 [[3.402625, 5.17553, 0.143764],
  [3.549592, 5.628283, 0.055577],
  [3.379318, 5.325908, -0.287044],
  1],
 [[3.727922, 5.544312, 0.481508],
  [3.794181, 4.887231, 0.73403],
  [4.286408, 5.059849, 1.055118],
  1],
 [[3.727922, 5.544312, 0.481508],
  [3.402625, 5.17553, 0.143764],
  [3.794181, 4.887231, 0.73403],
  1],
 [[3.402625, 5.17553, 0.143764],
  [3.558481, 4.617609, 0.309078],
  [3.794181, 4.887231, 0.73403],
  1]]
